# COMMENT DO NOT TOUCH
397,1.0800
398,1.0800
399,1.0800
400,1.0800
401,1.0800
402,1.0800
403,1.0800
404,1.0800
405,1.0800
406,1.0800
407,1.0800
408,1.0800
409,1.0800
410,1.0800
411,1.0800
412,1.0800
413,1.0800
414,1.0800
415,1.0800
416,1.0800
417,1.0800
418,1.0800
419,1.0800
420,1.0800
421,1.0800
422,1.0800
423,1.0800
424,1.0800
425,1.0800
426,1.0800
427,1.0800
428,1.0800
429,1.0800
430,1.0800
431,1.0800
432,1.0800
433,1.0800
434,1.0800
435,1.0800
436,1.0800
437,1.0800
438,1.0800
439,1.0800
440,1.0800
441,1.0800
442,1.0800
351,1.0800
352,1.0800
353,1.0800
354,1.0800
355,1.1068
356,1.0937
357,1.1396
358,1.1725
359,1.0914
360,1.0745
361,1.0273
362,1.0741
363,1.0868
364,1.0907
365,1.0818
366,1.0843
367,1.0958
368,1.0987
369,1.0804
370,1.0954
371,1.0959
372,1.0793
373,1.0640
374,1.0787
375,1.0794
376,1.0954
377,1.0807
378,1.0764
379,1.0790
380,1.1006
381,1.0856
382,1.0762
383,1.0732
384,1.0799
385,1.0880
386,1.1142
387,1.1251
388,1.1433
389,1.2051
390,1.4453
391,1.0800
392,1.0800
393,1.0800
394,1.0800
395,1.0800
396,1.0800
305,1.0800
306,1.0800
307,1.0800
308,1.0800
309,1.1374
310,1.0925
311,1.0793
312,1.0549
313,1.0236
314,1.0679
315,1.0699
316,1.0639
317,1.0763
318,1.0857
319,1.0701
320,1.1008
321,1.1125
322,1.0892
323,1.0936
324,1.0923
325,1.0864
326,1.0725
327,1.0723
328,1.0814
329,1.0701
330,1.0773
331,1.0715
332,1.0391
333,1.0947
334,1.0800
335,1.1274
336,1.0754
337,1.0684
338,1.0799
339,1.0619
340,1.1281
341,1.1454
342,1.1331
343,1.2368
344,1.0800
345,1.0800
346,1.0800
347,1.0800
348,1.0800
349,1.0800
350,1.0800
259,1.0800
260,1.0800
261,1.0800
262,1.0800
263,1.1902
264,1.1020
265,1.0748
266,1.1127
267,1.0756
268,1.0368
269,1.0673
270,1.0791
271,1.0858
272,1.0936
273,1.0910
274,1.0800
275,1.0800
276,1.1842
277,1.1387
278,1.1197
279,1.0954
280,1.0861
281,1.0855
282,1.0910
283,1.0275
284,1.0747
285,1.1103
286,1.0883
287,1.0488
288,1.1071
289,1.0859
290,1.0742
291,1.0744
292,1.0831
293,1.0827
294,1.1331
295,1.1466
296,1.1307
297,1.1924
298,1.1845
299,1.0800
300,1.0800
301,1.0800
302,1.0800
303,1.0800
304,1.0800
222,1.0800
223,1.0800
224,1.0800
225,1.0800
226,1.0800
227,1.0800
228,1.0800
229,1.0800
230,1.0800
231,1.0800
232,1.0800
233,1.0800
234,1.0800
235,1.0800
236,1.0800
237,1.0800
238,1.0800
239,1.0800
240,1.0800
241,1.0800
242,1.0800
243,1.0800
244,1.0800
245,1.0800
246,1.0800
247,1.0800
248,1.0800
249,1.0800
250,1.0800
251,1.0800
252,1.0800
253,1.0800
254,1.0800
255,1.0800
256,1.0800
257,1.0800
258,1.0800
185,1.0800
186,1.0800
187,1.0800
188,1.0800
189,1.0800
190,1.0800
191,1.0800
192,1.0800
193,1.0800
194,1.0800
195,1.0800
196,1.0800
197,1.0800
198,1.0800
199,1.0800
200,1.0800
201,1.0800
202,1.0800
203,1.0800
204,1.0800
205,1.0800
206,1.0800
207,1.0800
208,1.0800
209,1.0800
210,1.0800
211,1.0800
212,1.0800
213,1.0800
214,1.0800
215,1.0800
216,1.0800
217,1.0800
218,1.0800
219,1.0800
220,1.0800
221,1.0800
139,1.0800
140,1.0800
141,1.0800
142,1.0800
143,1.1944
144,1.0869
145,1.0969
146,1.0916
147,1.0824
148,1.0733
149,1.0709
150,1.0605
151,1.0663
152,1.0800
153,1.0800
154,1.1010
155,1.0959
156,1.1123
157,1.1020
158,1.0839
159,1.0626
160,1.0621
161,1.0710
162,1.1487
163,1.0287
164,1.0948
165,1.0925
166,1.0968
167,1.0896
168,1.0869
169,1.0744
170,1.0792
171,1.0774
172,1.0827
173,1.0756
174,1.0961
175,1.1425
176,1.1729
177,1.1475
178,1.0800
179,1.0800
180,1.0800
181,1.0800
182,1.0800
183,1.0800
184,1.0800
93,1.0800
94,1.0800
95,1.0800
96,1.0800
97,1.0835
98,1.0765
99,1.0746
100,1.0685
101,1.0642
102,1.0797
103,1.0691
104,1.0598
105,1.0513
106,1.0728
107,1.1186
108,1.0631
109,1.0585
110,1.0623
111,1.0605
112,1.0660
113,1.0667
114,1.0548
115,1.0580
116,1.0789
117,1.0737
118,1.0850
119,1.0827
120,1.0855
121,1.0947
122,1.0851
123,1.0798
124,1.0751
125,1.0820
126,1.0860
127,1.0841
128,1.1315
129,1.1346
130,1.1569
131,1.1498
132,1.0800
133,1.0800
134,1.0800
135,1.0800
136,1.0800
137,1.0800
138,1.0800
47,1.0800
48,1.0800
49,1.0800
50,1.0800
51,1.0933
52,1.0917
53,1.0747
54,1.0752
55,1.1010
56,1.0655
57,1.0733
58,1.0610
59,1.0733
60,1.0758
61,1.0786
62,1.0670
63,1.0739
64,1.0721
65,1.0599
66,1.0683
67,1.0604
68,1.0727
69,1.0668
70,1.0783
71,1.0905
72,1.1125
73,1.0966
74,1.0977
75,1.0867
76,1.0936
77,1.0900
78,1.0757
79,1.0765
80,1.0813
81,1.0722
82,1.0921
83,1.1470
84,1.1470
85,1.1203
86,1.0800
87,1.0800
88,1.0800
89,1.0800
90,1.0800
91,1.0800
92,1.0800
1,1.0800
2,1.0800
3,1.0800
4,1.0800
5,1.0800
6,1.0800
7,1.0800
8,1.0800
9,1.0800
10,1.0800
11,1.0800
12,1.0800
13,1.0800
14,1.0800
15,1.0800
16,1.0800
17,1.0800
18,1.0800
19,1.0800
20,1.0800
21,1.0800
22,1.0800
23,1.0800
24,1.0800
25,1.0800
26,1.0800
27,1.0800
28,1.0800
29,1.0800
30,1.0800
31,1.0800
32,1.0800
33,1.0800
34,1.0800
35,1.0800
36,1.0800
37,1.0800
38,1.0800
39,1.0800
40,1.0800
41,1.0800
42,1.0800
43,1.0800
44,1.0800
45,1.0800
46,1.0800
