397,0.163642
398,0.160636
399,0.164544
400,0.151517
401,0.177846
402,0.145784
403,0.16288
404,0.159405
405,0.139339
406,0.137332
407,0.150361
408,0.147267
409,0.142903
410,0.176318
411,0.168293
412,0.160367
413,0.1517
414,0.137197
415,0.203551
416,0.153087
417,0.167149
418,0.157299
419,0.1735
420,0.149477
421,0.148275
422,0.149935
423,0.153973
424,0.140081
425,0.167616
426,0.146925
427,0.165253
428,0.156303
429,0.145213
430,0.147217
431,0.135257
432,0.161497
433,0.129525
434,0.145589
435,0.157693
436,0.143427
437,0.172467
438,0.14192
439,0.164501
440,0.157701
441,0.193901
442,0.191001
351,0.168553
352,0.153521
353,0.149513
354,0.142498
355,0.184559
356,0.151495
357,0.15426
358,0.164699
359,0.165
360,0.138634
361,0.151486
362,0.137315
363,0.14661
364,0.178976
365,0.14958
366,0.12766
367,0.14435
368,0.143788
369,0.131086
370,0.16988
371,0.1599
372,0.101941
373,0.127306
374,0.138359
375,0.136752
376,0.15398
377,0.137965
378,0.13349
379,0.148462
380,0.146411
381,0.14312
382,0.16604
383,0.154911
384,0.15036
385,0.153257
386,0.160019
387,0.144401
388,0.162824
389,0.149678
390,0.145431
391,0.147829
392,0.144924
393,0.170401
394,0.154801
395,0.198802
396,0.216502
305,0.149513
306,0.147609
307,0.169655
308,0.148611
309,0.166825
310,0.199188
311,0.162078
312,0.1393
313,0.150518
314,0.138594
315,0.154718
316,0.150096
317,0.161457
318,0.169856
319,0.138251
320,0.180136
321,0.156047
322,0.174675
323,0.14539
324,0.14634
325,0.151443
326,0.160819
327,0.148835
328,0.145673
329,0.12666
330,0.143339
331,0.142035
332,0.152845
333,0.151722
334,0
335,0.15686
336,0.161364
337,0.125281
338,0.160821
339,0.154298
340,0.146795
341,0.155134
342,0.141982
343,0.142765
344,0.144429
345,0.168561
346,0.147829
347,0.155701
348,0.145901
349,0.169401
350,0.178301
259,0.155525
260,0.1435
261,0.136486
262,0.144603
263,0.158809
264,0.178547
265,0.174708
266,0.165696
267,0
268,0.191988
269,0.143713
270,0.133721
271,0.189386
272,0.166405
273,0.171037
274,0.185422
275,0
276,0.165389
277,0.189041
278,0.169268
279,0.129118
280,0.151656
281,0.148975
282,0.157005
283,0.146976
284,0.130475
285,0.142963
286,0.139849
287,0.141778
288,0.14415
289,0.158232
290,0.159362
291,0.160179
292,0.151202
293,0.150761
294,0.139238
295,0.165465
296,0.160319
297,0.141663
298,0.135515
299,0.157744
300,0.169563
301,0.148801
302,0.134201
303,0.192901
304,0.188001
222,0.15763
223,0.140494
224,0.154523
225,0.131475
226,0.163819
227,0.170933
228,0.158871
229,0.146837
230,0.162028
231,0.150727
232,0.16657
233,0.13591
234,0.169004
235,0.156563
236,0.153678
237,0.162765
238,0.16787
239,0.154738
240,0.159785
241,0.179247
242,0.144976
243,0.152112
244,0.166817
245,0.164437
246,0.175105
247,0.170061
248,0.139677
249,0.151411
250,0.148495
251,0.146772
252,0.15134
253,0.16165
254,0.157744
255,0.151701
256,0.146901
257,0.184101
258,0.205702
185,0.129471
186,0.142498
187,0.140494
188,0.183684
189,0.145784
190,0.148789
191,0.146742
192,0.1571
193,0.139502
194,0.136191
195,0.167044
196,0.15441
197,0.154988
198,0
199,0.156256
200,0.137623
201,0.133733
202,0.155219
203,0.148096
204,0.14904
205,0.138163
206,0.140123
207,0.158994
208,0.135847
209,0.151904
210,0.154423
211,0.165489
212,0.153968
213,0.141581
214,0.151681
215,0.135515
216,0.162552
217,0.155741
218,0.147901
219,0.150801
220,0.131301
221,0.154801
139,0.161638
140,0.139492
141,0.1435
142,0.155525
143,0.146786
144,0.141575
145,0.159472
146,0.142919
147,0.173205
148,0.147657
149,0.174579
150,0.164729
151,0.171188
152,0.151435
153,0
154,0.142527
155,0.1694
156,0.16945
157,0.196512
158,0.148518
159,0.147681
160,0.125511
161,0.147269
162,0.170841
163,0.153312
164,0.14965
165,0.152731
166,0.174299
167,0.140368
168,0.144092
169,0.153717
170,0.144064
171,0.13354
172,0.127187
173,0.161584
174,0.131796
175,0.140264
176,0.141581
177,0.132846
178,0.153243
179,0.145826
180,0.144924
181,0.152701
182,0.159601
183,0.134201
184,0.164501
93,0.164544
94,0.149513
95,0.141496
96,0.166549
97,0.158408
98,0.134862
99,0.142533
100,0.132739
101,0.136781
102,0.163951
103,0.14904
104,0.133419
105,0.152411
106,0.153084
107,0.139109
108,0.135397
109,0.150159
110,0.153469
111,0.160243
112,0.151252
113,0.14918
114,0.141266
115,0.149565
116,0.144765
117,0.139922
118,0.143182
119,0.151009
120,0.168352
121,0.151888
122,0.134959
123,0.136309
124,0.125267
125,0.143091
126,0.154305
127,0.139747
128,0.143388
129,0.154671
130,0.138576
131,0.143767
132,0.154245
133,0.150733
134,0.156743
135,0.142001
136,0.165501
137,0.145901
138,0.154801
47,0.159634
48,0.155525
49,0.146607
50,0.151517
51,0.162316
52,0.154601
53,0.149048
54,0.139933
55,0.15215
56,0.166449
57,0.150666
58,0.150627
59,0.137473
60,0.138763
61,0.133371
62,0.141664
63,0.14081
64,0.126542
65,0.145601
66,0.152566
67,0.121837
68,0.126911
69,0.150812
70,0.143885
71,0.134847
72,0.141256
73,0.147416
74,0.141899
75,0.139969
76,0.145379
77,0.135202
78,0.127682
79,0.146193
80,0.146894
81,0.153065
82,0.120336
83,0.146974
84,0.150499
85,0.148676
86,0.137518
87,0.157744
88,0.146827
89,0.155701
90,0.156701
91,0.133201
92,0.151701
1,0.146607
2,0.149513
3,0.12446
4,0.167551
5,0.139672
6,0.155703
7,0.160875
8,0.150217
9,0.158991
10,0.147417
11,0.162695
12,0.167206
13,0.157599
14,0.161052
15,0.142
16,0.146124
17,0.153695
18,0.149015
19,0.145571
20,0.153199
21,0.161641
22,0.164612
23,0.120397
24,0.151324
25,0.157594
26,0.1515
27,0.130272
28,0.143207
29,0.140747
30,0.14532
31,0.158093
32,0.163076
33,0.154701
34,0.156079
35,0.149558
36,0.162851
37,0.135802
38,0.146591
39,0.155689
40,0.127602
41,0.176373
42,0.15474
43,0.145901
44,0.170401
45,0.145901
46,0.169401
