397,0.163839
398,0.160829
399,0.164742
400,0.151699
401,0.178044
402,0.145946
403,0.163098
404,0.159637
405,0.139477
406,0.137464
407,0.15051
408,0.147421
409,0.143019
410,0.1765
411,0.168461
412,0.16052
413,0.151872
414,0.13731
415,0.203751
416,0.153251
417,0.167292
418,0.157298
419,0.1735
420,0.149751
421,0.148547
422,0.150301
423,0.154244
424,0.140242
425,0.167798
426,0.147169
427,0.165514
428,0.156534
429,0.14545
430,0.147457
431,0.135461
432,0.161725
433,0.129711
434,0.145755
435,0.15786
436,0.143558
437,0.17262
438,0.142046
439,0.164502
440,0.157702
441,0.193902
442,0.191002
351,0.168755
352,0.153706
353,0.149692
354,0.142669
355,0.184765
356,0.151664
357,0.154466
358,0.164698
359,0.165229
360,0.138768
361,0.151651
362,0.137495
363,0.146788
364,0.179191
365,0.14974
366,0.12781
367,0.144494
368,0.143953
369,0.13125
370,0.170098
371,0.159899
372,0.102079
373,0.127424
374,0.138622
375,0.137012
376,0.154256
377,0.138232
378,0.133771
379,0.148728
380,0.146647
381,0.143361
382,0.16635
383,0.155147
384,0.150567
385,0.15352
386,0.160259
387,0.144631
388,0.163009
389,0.149837
390,0.145563
391,0.14796
392,0.145053
393,0.170402
394,0.154802
395,0.198802
396,0.216503
305,0.149692
306,0.147786
307,0.169859
308,0.148789
309,0.167011
310,0.19941
311,0.162295
312,0.139472
313,0.150757
314,0.138763
315,0.154958
316,0.150324
317,0.161661
318,0.170059
319,0.138395
320,0.180272
321,0.156188
322,0.174889
323,0.145614
324,0.146535
325,0.15164
326,0.16106
327,0.149026
328,0.145945
329,0.126925
330,0.14359
331,0.142284
332,0.153158
333,0.151965
334,0
335,0.157067
336,0.161689
337,0.125499
338,0.161062
339,0.154526
340,0.147022
341,0.155383
342,0.142144
343,0.142917
344,0.14456
345,0.168711
346,0.14796
347,0.155702
348,0.145902
349,0.169402
350,0.178302
259,0.155712
260,0.143673
261,0.136649
262,0.144776
263,0.158986
264,0.178747
265,0.174941
266,0.165923
267,0
268,0.192326
269,0.144008
270,0.133962
271,0.189722
272,0.16658
273,0.171174
274,0.18555
275,0
276,0.165613
277,0.189352
278,0.16948
279,0.129301
280,0.151919
281,0.149247
282,0.157296
283,0.147365
284,0.130747
285,0.142489
286,0.140107
287,0.141938
288,0.144351
289,0.15848
290,0.159627
291,0.160454
292,0.151432
293,0.150968
294,0.139432
295,0.165732
296,0.160501
297,0.141813
298,0.135638
299,0.157884
300,0.169713
301,0.148802
302,0.134202
303,0.192902
304,0.188002
222,0.157819
223,0.140663
224,0.154709
225,0.131633
226,0.164001
227,0.171123
228,0.159083
229,0.14703
230,0.162216
231,0.150972
232,0.166782
233,0.136088
234,0.169294
235,0.157946
236,0.15401
237,0.163147
238,0.168255
239,0.155048
240,0.160064
241,0.179331
242,0.145135
243,0.15229
244,0.167056
245,0.164688
246,0.175395
247,0.170326
248,0.139893
249,0.151646
250,0.148664
251,0.146928
252,0.151477
253,0.161794
254,0.157884
255,0.151702
256,0.146902
257,0.184102
258,0.205702
185,0.129626
186,0.142669
187,0.140663
188,0.183905
189,0.145946
190,0.148955
191,0.146939
192,0.1571
193,0.139733
194,0.136473
195,0.167356
196,0.154646
197,0.155325
198,0
199,0.156461
200,0.137808
201,0.133923
202,0.155345
203,0.148208
204,0.149177
205,0.138313
206,0.140251
207,0.159105
208,0.135931
209,0.152021
210,0.154551
211,0.165597
212,0.154064
213,0.141743
214,0.151843
215,0.135638
216,0.162696
217,0.155879
218,0.147902
219,0.150802
220,0.131302
221,0.154802
139,0.161832
140,0.139659
141,0.143673
142,0.155712
143,0.146949
144,0.141733
145,0.159685
146,0.14316
147,0.173552
148,0.147919
149,0.174912
150,0.16509
151,0.171525
152,0.151627
153,0
154,0.142715
155,0.16963
156,0.169767
157,0.196921
158,0.148815
159,0.147957
160,0.125747
161,0.147539
162,0.171036
163,0.153433
164,0.149793
165,0.152863
166,0.174298
167,0.140522
168,0.144259
169,0.153842
170,0.144215
171,0.13362
172,0.127293
173,0.161689
174,0.131908
175,0.140357
176,0.141743
177,0.132988
178,0.153382
179,0.145955
180,0.145053
181,0.152702
182,0.159602
183,0.134202
184,0.164502
93,0.164742
94,0.149692
95,0.141666
96,0.166748
97,0.158585
98,0.135013
99,0.142723
100,0.132991
101,0.137057
102,0.164267
103,0.149293
104,0.133659
105,0.152648
106,0.153304
107,0.139286
108,0.135625
109,0.150422
110,0.153738
111,0.160554
112,0.151512
113,0.149456
114,0.141533
115,0.149774
116,0.144917
117,0.14005
118,0.143287
119,0.151129
120,0.168497
121,0.151882
122,0.135051
123,0.136428
124,0.125362
125,0.143201
126,0.154422
127,0.139831
128,0.143496
129,0.154769
130,0.138733
131,0.14392
132,0.154385
133,0.150867
134,0.156882
135,0.142002
136,0.165502
137,0.145902
138,0.154802
47,0.159826
48,0.155712
49,0.146783
50,0.151699
51,0.162497
52,0.154773
53,0.149247
54,0.140181
55,0.152815
56,0.166707
57,0.150876
58,0.150872
59,0.137687
60,0.138971
61,0.133526
62,0.141872
63,0.141046
64,0.126738
65,0.145831
66,0.152834
67,0.12203
68,0.127089
69,0.151049
70,0.143991
71,0.134931
72,0.141403
73,0.147597
74,0.141898
75,0.139951
76,0.145481
77,0.135318
78,0.127786
79,0.146304
80,0.147006
81,0.153102
82,0.120414
83,0.146959
84,0.150671
85,0.148834
86,0.137643
87,0.157884
88,0.146958
89,0.155702
90,0.156702
91,0.133202
92,0.151702
1,0.146783
2,0.149692
3,0.12461
4,0.167752
5,0.139828
6,0.155877
7,0.161091
8,0.150457
9,0.159158
10,0.147599
11,0.162922
12,0.167439
13,0.157828
14,0.161139
15,0.142
16,0.146252
17,0.153921
18,0.149254
19,0.145784
20,0.153371
21,0.161894
22,0.16479
23,0.120567
24,0.151452
25,0.157591
26,0.1515
27,0.130371
28,0.143326
29,0.140717
30,0.145389
31,0.158204
32,0.163349
33,0.154816
34,0.156182
35,0.149649
36,0.162938
37,0.135861
38,0.146759
39,0.155854
40,0.127718
41,0.17653
42,0.154877
43,0.145902
44,0.170402
45,0.145902
46,0.169402
