397,0.164332
398,0.161313
399,0.165237
400,0.152155
401,0.178542
402,0.146354
403,0.163645
404,0.16022
405,0.139821
406,0.137797
407,0.150885
408,0.147805
409,0.14331
410,0.176958
411,0.168882
412,0.160904
413,0.152303
414,0.137593
415,0.204255
416,0.153663
417,0.167649
418,0.157296
419,0.1735
420,0.15044
421,0.149233
422,0.151222
423,0.154927
424,0.140646
425,0.168253
426,0.147783
427,0.166168
428,0.157115
429,0.146045
430,0.148059
431,0.135976
432,0.162297
433,0.130179
434,0.146172
435,0.158281
436,0.143884
437,0.173004
438,0.142361
439,0.164504
440,0.157704
441,0.193904
442,0.191004
351,0.169263
352,0.154168
353,0.150143
354,0.143098
355,0.185282
356,0.152088
357,0.154985
358,0.164696
359,0.165805
360,0.139104
361,0.152063
362,0.137948
363,0.147235
364,0.179732
365,0.150143
366,0.128184
367,0.144854
368,0.144366
369,0.131661
370,0.170645
371,0.159899
372,0.102426
373,0.12772
374,0.139286
375,0.137666
376,0.15495
377,0.138905
378,0.13448
379,0.149395
380,0.147241
381,0.143967
382,0.16713
383,0.155739
384,0.151086
385,0.15418
386,0.160863
387,0.14521
388,0.163475
389,0.150236
390,0.145894
391,0.148289
392,0.145375
393,0.170404
394,0.154804
395,0.198805
396,0.216505
305,0.150143
306,0.148231
307,0.17037
308,0.149237
309,0.167478
310,0.199967
311,0.16284
312,0.139903
313,0.15136
314,0.139187
315,0.15556
316,0.150895
317,0.162174
318,0.170571
319,0.138756
320,0.180611
321,0.156543
322,0.175429
323,0.146177
324,0.147025
325,0.152134
326,0.161665
327,0.149508
328,0.146628
329,0.12759
330,0.144224
331,0.142912
332,0.153946
333,0.152575
334,0
335,0.157586
336,0.162505
337,0.126049
338,0.161669
339,0.155099
340,0.147592
341,0.15601
342,0.14255
343,0.143298
344,0.144889
345,0.169086
346,0.148289
347,0.155704
348,0.145903
349,0.169404
350,0.178304
259,0.156181
260,0.144105
261,0.137061
262,0.145212
263,0.159431
264,0.179246
265,0.175529
266,0.166493
267,0
268,0.193175
269,0.14475
270,0.13457
271,0.190568
272,0.167019
273,0.171514
274,0.185869
275,0
276,0.166174
277,0.190133
278,0.17001
279,0.12976
280,0.152578
281,0.149933
282,0.158026
283,0.148347
284,0.131434
285,0.141317
286,0.140756
287,0.142338
288,0.144856
289,0.159104
290,0.160294
291,0.161145
292,0.152012
293,0.151489
294,0.13992
295,0.166402
296,0.16096
297,0.142191
298,0.135947
299,0.158235
300,0.17009
301,0.148803
302,0.134203
303,0.192904
304,0.188004
222,0.158294
223,0.141086
224,0.155174
225,0.132029
226,0.16446
227,0.171602
228,0.159617
229,0.147516
230,0.162688
231,0.151589
232,0.167315
233,0.136534
234,0.170022
235,0.161513
236,0.154846
237,0.164111
238,0.169225
239,0.155826
240,0.160765
241,0.179541
242,0.145533
243,0.152739
244,0.167657
245,0.165318
246,0.176123
247,0.170991
248,0.140437
249,0.152238
250,0.149089
251,0.14732
252,0.151822
253,0.162153
254,0.158235
255,0.151703
256,0.146903
257,0.184104
258,0.205705
185,0.130016
186,0.143098
187,0.141086
188,0.184458
189,0.146354
190,0.149372
191,0.147432
192,0.1571
193,0.140313
194,0.137183
195,0.168143
196,0.155238
197,0.156176
198,0
199,0.156974
200,0.138273
201,0.134403
202,0.155659
203,0.148488
204,0.149522
205,0.138691
206,0.140571
207,0.159383
208,0.136141
209,0.152313
210,0.154872
211,0.165868
212,0.154304
213,0.142148
214,0.152247
215,0.135947
216,0.163058
217,0.156226
218,0.147903
219,0.150803
220,0.131303
221,0.154804
139,0.162319
140,0.140079
141,0.144105
142,0.156181
143,0.14736
144,0.14213
145,0.160221
146,0.143765
147,0.174426
148,0.148578
149,0.17575
150,0.166001
151,0.172375
152,0.15211
153,0
154,0.143187
155,0.170206
156,0.170562
157,0.197952
158,0.149564
159,0.148652
160,0.126342
161,0.148217
162,0.171527
163,0.153737
164,0.150153
165,0.153194
166,0.174297
167,0.140908
168,0.144679
169,0.154154
170,0.144594
171,0.133821
172,0.127561
173,0.161953
174,0.132189
175,0.140592
176,0.142148
177,0.133342
178,0.153731
179,0.14628
180,0.145375
181,0.152703
182,0.159604
183,0.134203
184,0.164504
93,0.165237
94,0.150143
95,0.142092
96,0.16725
97,0.159028
98,0.13539
99,0.143202
100,0.133626
101,0.137753
102,0.165064
103,0.149928
104,0.134265
105,0.153241
106,0.153857
107,0.139731
108,0.136198
109,0.151085
110,0.154416
111,0.161339
112,0.152164
113,0.15015
114,0.142206
115,0.150299
116,0.145299
117,0.140369
118,0.143549
119,0.151429
120,0.168859
121,0.151865
122,0.135279
123,0.136728
124,0.125602
125,0.143476
126,0.154715
127,0.140041
128,0.143767
129,0.155015
130,0.13913
131,0.144303
132,0.154736
133,0.151203
134,0.157231
135,0.142003
136,0.165504
137,0.145903
138,0.154804
47,0.160306
48,0.156181
49,0.147224
50,0.152155
51,0.162951
52,0.155206
53,0.149748
54,0.140806
55,0.154503
56,0.167355
57,0.151403
58,0.151488
59,0.138225
60,0.139495
61,0.133916
62,0.142396
63,0.141638
64,0.12723
65,0.146409
66,0.153507
67,0.122516
68,0.127536
69,0.151644
70,0.144257
71,0.135141
72,0.14177
73,0.148051
74,0.141896
75,0.139906
76,0.145737
77,0.135609
78,0.128046
79,0.146581
80,0.147285
81,0.153196
82,0.120609
83,0.146922
84,0.151101
85,0.149231
86,0.137956
87,0.158235
88,0.147284
89,0.155704
90,0.156704
91,0.133203
92,0.151703
1,0.147224
2,0.150143
3,0.124985
4,0.168256
5,0.140218
6,0.156312
7,0.161631
8,0.151059
9,0.159577
10,0.148056
11,0.163492
12,0.168025
13,0.158404
14,0.161356
15,0.142
16,0.146574
17,0.154491
18,0.149853
19,0.146319
20,0.153802
21,0.162531
22,0.165238
23,0.120995
24,0.151773
25,0.157582
26,0.1515
27,0.130618
28,0.143623
29,0.140642
30,0.145562
31,0.158481
32,0.164036
33,0.155104
34,0.156439
35,0.149876
36,0.163155
37,0.136007
38,0.147178
39,0.15627
40,0.128009
41,0.176922
42,0.155221
43,0.145903
44,0.170404
45,0.145903
46,0.169404
