397,0.165027
398,0.161995
399,0.165936
400,0.152799
401,0.179244
402,0.146929
403,0.164418
404,0.161044
405,0.140306
406,0.138266
407,0.151413
408,0.148347
409,0.14372
410,0.177602
411,0.169475
412,0.161444
413,0.152912
414,0.137992
415,0.204965
416,0.154244
417,0.168153
418,0.157294
419,0.1735
420,0.151415
421,0.150204
422,0.152531
423,0.155894
424,0.141215
425,0.168895
426,0.14865
427,0.167092
428,0.157935
429,0.146887
430,0.148911
431,0.136702
432,0.163104
433,0.130839
434,0.146759
435,0.158874
436,0.144344
437,0.173544
438,0.142806
439,0.164506
440,0.157706
441,0.193907
442,0.191007
351,0.169979
352,0.15482
353,0.150778
354,0.143704
355,0.18601
356,0.152685
357,0.155716
358,0.164694
359,0.166618
360,0.139577
361,0.152643
362,0.138587
363,0.147865
364,0.180494
365,0.15071
366,0.128713
367,0.145361
368,0.14495
369,0.132241
370,0.171416
371,0.159898
372,0.102916
373,0.128137
374,0.140225
375,0.138592
376,0.155933
377,0.139858
378,0.135485
379,0.15034
380,0.14808
381,0.144823
382,0.168235
383,0.156576
384,0.151818
385,0.155114
386,0.161716
387,0.146028
388,0.164132
389,0.150799
390,0.14636
391,0.148752
392,0.145829
393,0.170407
394,0.154806
395,0.198808
396,0.216508
305,0.150778
306,0.148858
307,0.17109
308,0.149868
309,0.168136
310,0.200753
311,0.163609
312,0.140512
313,0.152211
314,0.139784
315,0.156412
316,0.151702
317,0.162899
318,0.171293
319,0.139265
320,0.181088
321,0.157042
322,0.176189
323,0.146972
324,0.147716
325,0.152832
326,0.162519
327,0.150188
328,0.147596
329,0.128535
330,0.14512
331,0.143801
332,0.155063
333,0.153436
334,0
335,0.158319
336,0.163662
337,0.126826
338,0.162526
339,0.155909
340,0.148397
341,0.156895
342,0.143123
343,0.143834
344,0.145352
345,0.169613
346,0.148752
347,0.155706
348,0.145906
349,0.169406
350,0.178307
259,0.156841
260,0.144714
261,0.13764
262,0.145826
263,0.160057
264,0.179951
265,0.176357
266,0.167298
267,0
268,0.194377
269,0.145802
270,0.13543
271,0.191765
272,0.167637
273,0.171994
274,0.186317
275,0
276,0.166966
277,0.191238
278,0.170758
279,0.130408
280,0.15351
281,0.150904
282,0.15906
283,0.149744
284,0.132408
285,0.139709
286,0.141674
287,0.142902
288,0.145568
289,0.159985
290,0.161237
291,0.162123
292,0.152831
293,0.152223
294,0.140608
295,0.167351
296,0.161606
297,0.142724
298,0.136381
299,0.158729
300,0.170621
301,0.148806
302,0.134205
303,0.192907
304,0.188007
222,0.158963
223,0.141683
224,0.155831
225,0.132587
226,0.165106
227,0.172276
228,0.160371
229,0.148201
230,0.163353
231,0.152461
232,0.168067
233,0.137163
234,0.171052
235,0.166786
236,0.156032
237,0.165479
238,0.170602
239,0.15693
240,0.161757
241,0.179836
242,0.146093
243,0.153371
244,0.168505
245,0.166208
246,0.177153
247,0.171931
248,0.141206
249,0.153075
250,0.149688
251,0.147872
252,0.152308
253,0.16266
254,0.158729
255,0.151706
256,0.146906
257,0.184107
258,0.205708
185,0.130566
186,0.143704
187,0.141683
188,0.185238
189,0.146929
190,0.149959
191,0.148128
192,0.1571
193,0.141134
194,0.13819
195,0.169256
196,0.156074
197,0.157383
198,0
199,0.157698
200,0.138929
201,0.13508
202,0.156102
203,0.148883
204,0.150007
205,0.139223
206,0.141022
207,0.159774
208,0.136437
209,0.152725
210,0.155323
211,0.16625
212,0.154642
213,0.142719
214,0.152818
215,0.136381
216,0.163567
217,0.156714
218,0.147906
219,0.150806
220,0.131305
221,0.154806
139,0.163006
140,0.140672
141,0.144714
142,0.156841
143,0.147939
144,0.142688
145,0.160978
146,0.14462
147,0.175666
148,0.149512
149,0.176936
150,0.167292
151,0.173579
152,0.15279
153,0
154,0.143853
155,0.17102
156,0.171688
157,0.199412
158,0.150625
159,0.149637
160,0.127184
161,0.149177
162,0.172218
163,0.154165
164,0.150659
165,0.15366
166,0.174295
167,0.141451
168,0.145272
169,0.154593
170,0.145129
171,0.134103
172,0.127938
173,0.162324
174,0.132585
175,0.140922
176,0.142719
177,0.133842
178,0.154223
179,0.146736
180,0.145829
181,0.152706
182,0.159606
183,0.134205
184,0.164506
93,0.165936
94,0.150778
95,0.142693
96,0.167958
97,0.159653
98,0.135922
99,0.143878
100,0.134525
101,0.13874
102,0.166192
103,0.150826
104,0.135121
105,0.15408
106,0.154638
107,0.140359
108,0.137009
109,0.152022
110,0.155374
111,0.162451
112,0.153088
113,0.151133
114,0.143159
115,0.151041
116,0.145836
117,0.140819
118,0.143917
119,0.151851
120,0.16937
121,0.151841
122,0.135601
123,0.137149
124,0.125939
125,0.143863
126,0.155128
127,0.140337
128,0.144147
129,0.15536
130,0.139689
131,0.144844
132,0.155231
133,0.151675
134,0.157721
135,0.142005
136,0.165506
137,0.145906
138,0.154806
47,0.160985
48,0.156841
49,0.147847
50,0.152799
51,0.163591
52,0.155816
53,0.150455
54,0.141691
55,0.156929
56,0.168271
57,0.152148
58,0.15236
59,0.138985
60,0.140235
61,0.134465
62,0.143137
63,0.142475
64,0.127927
65,0.147227
66,0.15446
67,0.123204
68,0.128168
69,0.152485
70,0.14463
71,0.135437
72,0.142289
73,0.148692
74,0.141893
75,0.139843
76,0.146097
77,0.136018
78,0.128413
79,0.146972
80,0.147678
81,0.153326
82,0.120884
83,0.14687
84,0.151708
85,0.149789
86,0.138397
87,0.158729
88,0.147744
89,0.155706
90,0.156706
91,0.133205
92,0.151706
1,0.147847
2,0.150778
3,0.125513
4,0.168968
5,0.140769
6,0.156927
7,0.162394
8,0.15191
9,0.160167
10,0.1487
11,0.164296
12,0.168851
13,0.159217
14,0.161662
15,0.142
16,0.147027
17,0.155295
18,0.150701
19,0.147074
20,0.154409
21,0.16343
22,0.16587
23,0.1216
24,0.152226
25,0.15757
26,0.1515
27,0.130965
28,0.144041
29,0.140537
30,0.145804
31,0.158871
32,0.165007
33,0.155509
34,0.156801
35,0.150195
36,0.16346
37,0.136213
38,0.147769
39,0.156855
40,0.128418
41,0.177474
42,0.155706
43,0.145906
44,0.170407
45,0.145906
46,0.169406
