397,0.165527
398,0.162486
399,0.166439
400,0.153262
401,0.179748
402,0.147343
403,0.164974
404,0.161637
405,0.140654
406,0.138603
407,0.151792
408,0.148737
409,0.144015
410,0.178065
411,0.169901
412,0.161832
413,0.153349
414,0.138278
415,0.205475
416,0.154662
417,0.168514
418,0.157292
419,0.1735
420,0.152119
421,0.150905
422,0.153481
423,0.156592
424,0.141625
425,0.169356
426,0.149276
427,0.167758
428,0.158526
429,0.147495
430,0.149525
431,0.137226
432,0.163686
433,0.131316
434,0.147181
435,0.1593
436,0.144675
437,0.173932
438,0.143125
439,0.164508
440,0.157708
441,0.19391
442,0.191009
351,0.170494
352,0.155289
353,0.151235
354,0.144139
355,0.186533
356,0.153115
357,0.156243
358,0.164692
359,0.167203
360,0.139917
361,0.15306
362,0.139048
363,0.148318
364,0.181043
365,0.151118
366,0.129093
367,0.145726
368,0.145369
369,0.132659
370,0.171972
371,0.159897
372,0.103268
373,0.128436
374,0.140903
375,0.139261
376,0.156642
377,0.140546
378,0.136212
379,0.151023
380,0.148685
381,0.145442
382,0.169033
383,0.15718
384,0.152346
385,0.155788
386,0.16233
387,0.146618
388,0.164604
389,0.151203
390,0.146695
391,0.149084
392,0.146155
393,0.170408
394,0.154808
395,0.19881
396,0.216511
305,0.151235
306,0.149309
307,0.171609
308,0.150322
309,0.168609
310,0.201318
311,0.164162
312,0.14095
313,0.152825
314,0.140214
315,0.157026
316,0.152284
317,0.16342
318,0.171812
319,0.139631
320,0.181431
321,0.157401
322,0.176737
323,0.147546
324,0.148213
325,0.153334
326,0.163134
327,0.150677
328,0.148295
329,0.129218
330,0.145767
331,0.144442
332,0.155871
333,0.154058
334,0
335,0.158846
336,0.164498
337,0.127387
338,0.163144
339,0.156492
340,0.148978
341,0.157534
342,0.143535
343,0.14422
344,0.145685
345,0.169993
346,0.149084
347,0.155708
348,0.145907
349,0.169408
350,0.178309
259,0.157317
260,0.145153
261,0.138057
262,0.146268
263,0.160508
264,0.180457
265,0.176954
266,0.167878
267,0
268,0.195245
269,0.146563
270,0.136051
271,0.19263
272,0.168081
273,0.172338
274,0.186639
275,0
276,0.167536
277,0.192035
278,0.171297
279,0.130875
280,0.154183
281,0.151605
282,0.159807
283,0.150758
284,0.133113
285,0.138582
286,0.142338
287,0.143307
288,0.146081
289,0.16062
290,0.161917
291,0.162829
292,0.153421
293,0.152752
294,0.141104
295,0.168035
296,0.162071
297,0.143107
298,0.136693
299,0.159084
300,0.171003
301,0.148807
302,0.134207
303,0.192909
304,0.188009
222,0.159445
223,0.142112
224,0.156303
225,0.132989
226,0.165571
227,0.172761
228,0.160913
229,0.148694
230,0.163832
231,0.15309
232,0.168608
233,0.137617
234,0.171795
235,0.170769
236,0.156891
237,0.166471
238,0.1716
239,0.157728
240,0.162472
241,0.180048
242,0.146496
243,0.153826
244,0.169117
245,0.16685
246,0.177897
247,0.172609
248,0.14176
249,0.153679
250,0.150119
251,0.148268
252,0.152656
253,0.163023
254,0.159084
255,0.151707
256,0.146907
257,0.184109
258,0.20571
185,0.130962
186,0.144139
187,0.142112
188,0.1858
189,0.147343
190,0.150381
191,0.148629
192,0.1571
193,0.141726
194,0.138919
195,0.17006
196,0.156676
197,0.158257
198,0
199,0.158219
200,0.139401
201,0.135567
202,0.15642
203,0.149167
204,0.150355
205,0.139606
206,0.141346
207,0.160054
208,0.136648
209,0.153021
210,0.155646
211,0.166523
212,0.154884
213,0.143129
214,0.153227
215,0.136693
216,0.163932
217,0.157064
218,0.147907
219,0.150807
220,0.131306
221,0.154808
139,0.1635
140,0.141098
141,0.145153
142,0.157317
143,0.148356
144,0.14309
145,0.161523
146,0.145238
147,0.176562
148,0.150186
149,0.177794
150,0.168228
151,0.174449
152,0.15328
153,0
154,0.144332
155,0.171606
156,0.172502
157,0.200469
158,0.151393
159,0.150348
160,0.127792
161,0.14987
162,0.172716
163,0.154472
164,0.151022
165,0.153995
166,0.174293
167,0.141842
168,0.145698
169,0.154909
170,0.145513
171,0.134306
172,0.128209
173,0.16259
174,0.13287
175,0.141159
176,0.143129
177,0.134201
178,0.154576
179,0.147064
180,0.146155
181,0.152707
182,0.159608
183,0.134207
184,0.164508
93,0.166439
94,0.151235
95,0.143126
96,0.168467
97,0.160103
98,0.136305
99,0.144365
100,0.135175
101,0.139453
102,0.167007
103,0.151475
104,0.135739
105,0.154684
106,0.155201
107,0.140811
108,0.137594
109,0.152699
110,0.156066
111,0.163254
112,0.153754
113,0.151842
114,0.143848
115,0.151576
116,0.146222
117,0.141142
118,0.144181
119,0.152154
120,0.169736
121,0.151825
122,0.135831
123,0.137452
124,0.12618
125,0.14414
126,0.155425
127,0.140549
128,0.14442
129,0.155608
130,0.14009
131,0.145232
132,0.155586
133,0.152014
134,0.158074
135,0.142007
136,0.165508
137,0.145907
138,0.154808
47,0.161472
48,0.157317
49,0.148295
50,0.153262
51,0.164052
52,0.156254
53,0.150964
54,0.14233
55,0.15871
56,0.168932
57,0.152684
58,0.152988
59,0.139533
60,0.140768
61,0.134861
62,0.14367
63,0.143079
64,0.128429
65,0.147816
66,0.155148
67,0.123699
68,0.128623
69,0.153091
70,0.144898
71,0.135649
72,0.142661
73,0.149154
74,0.141891
75,0.139798
76,0.146356
77,0.136312
78,0.128677
79,0.147252
80,0.147959
81,0.15342
82,0.121081
83,0.146833
84,0.152145
85,0.150191
86,0.138714
87,0.159084
88,0.148074
89,0.155708
90,0.156708
91,0.133207
92,0.151707
1,0.148295
2,0.151235
3,0.125894
4,0.16948
5,0.141166
6,0.157368
7,0.162944
8,0.152524
9,0.160591
10,0.149164
11,0.164875
12,0.169446
13,0.159803
14,0.161881
15,0.142
16,0.147352
17,0.155874
18,0.151312
19,0.147618
20,0.154845
21,0.164079
22,0.166324
23,0.122035
24,0.152551
25,0.157562
26,0.1515
27,0.131214
28,0.144341
29,0.140462
30,0.145978
31,0.15915
32,0.165708
33,0.1558
34,0.15706
35,0.150424
36,0.163679
37,0.13636
38,0.148194
39,0.157276
40,0.128712
41,0.177871
42,0.156054
43,0.145907
44,0.170408
45,0.145907
46,0.169408
