397,0.165627
398,0.162585
399,0.16654
400,0.153355
401,0.17985
402,0.147426
403,0.165086
404,0.161757
405,0.140724
406,0.138671
407,0.151868
408,0.148815
409,0.144074
410,0.178158
411,0.169987
412,0.16191
413,0.153437
414,0.138335
415,0.205577
416,0.154746
417,0.168587
418,0.157291
419,0.1735
420,0.152261
421,0.151046
422,0.153672
423,0.156732
424,0.141707
425,0.169448
426,0.149402
427,0.167892
428,0.158645
429,0.147617
430,0.149648
431,0.137331
432,0.163803
433,0.131411
434,0.147266
435,0.159385
436,0.144741
437,0.17401
438,0.143189
439,0.164508
440,0.157708
441,0.19391
442,0.19101
351,0.170597
352,0.155383
353,0.151326
354,0.144227
355,0.186638
356,0.153201
357,0.156349
358,0.164691
359,0.167321
360,0.139986
361,0.153144
362,0.13914
363,0.148409
364,0.181153
365,0.1512
366,0.129169
367,0.145799
368,0.145454
369,0.132743
370,0.172084
371,0.159897
372,0.103339
373,0.128497
374,0.14104
375,0.139395
376,0.156785
377,0.140685
378,0.136358
379,0.15116
380,0.148807
381,0.145566
382,0.169194
383,0.157301
384,0.152452
385,0.155924
386,0.162454
387,0.146736
388,0.164699
389,0.151284
390,0.146763
391,0.149151
392,0.146221
393,0.170409
394,0.154808
395,0.19881
396,0.216511
305,0.151326
306,0.149399
307,0.171713
308,0.150414
309,0.168704
310,0.201431
311,0.164273
312,0.141038
313,0.152949
314,0.1403
315,0.15715
316,0.152401
317,0.163525
318,0.171916
319,0.139704
320,0.181499
321,0.157472
322,0.176847
323,0.147661
324,0.148313
325,0.153435
326,0.163258
327,0.150775
328,0.148436
329,0.129355
330,0.145897
331,0.144571
332,0.156034
333,0.154183
334,0
335,0.158952
336,0.164667
337,0.1275
338,0.163268
339,0.156609
340,0.149095
341,0.157662
342,0.143617
343,0.144297
344,0.145752
345,0.170069
346,0.149151
347,0.155708
348,0.145907
349,0.169409
350,0.178309
259,0.157412
260,0.145241
261,0.138141
262,0.146357
263,0.160598
264,0.180559
265,0.177074
266,0.167994
267,0
268,0.195419
269,0.146716
270,0.136175
271,0.192803
272,0.168171
273,0.172407
274,0.186703
275,0
276,0.16765
277,0.192195
278,0.171405
279,0.130969
280,0.154319
281,0.151746
282,0.159957
283,0.150963
284,0.133254
285,0.138359
286,0.142471
287,0.143389
288,0.146184
289,0.160748
290,0.162053
291,0.162971
292,0.153539
293,0.152858
294,0.141203
295,0.168172
296,0.162165
297,0.143184
298,0.136756
299,0.159155
300,0.171079
301,0.148808
302,0.134207
303,0.19291
304,0.18801
222,0.159542
223,0.142198
224,0.156398
225,0.13307
226,0.165664
227,0.172858
228,0.161022
229,0.148793
230,0.163928
231,0.153216
232,0.168716
233,0.137708
234,0.171945
235,0.171588
236,0.157064
237,0.166671
238,0.171801
239,0.157888
240,0.162616
241,0.18009
242,0.146577
243,0.153917
244,0.169239
245,0.166979
246,0.178046
247,0.172745
248,0.141871
249,0.1538
250,0.150205
251,0.148348
252,0.152726
253,0.163096
254,0.159155
255,0.151708
256,0.146908
257,0.184109
258,0.205711
185,0.131041
186,0.144227
187,0.142198
188,0.185912
189,0.147426
190,0.150466
191,0.14873
192,0.1571
193,0.141845
194,0.139065
195,0.170222
196,0.156798
197,0.158433
198,0
199,0.158324
200,0.139496
201,0.135665
202,0.156483
203,0.149224
204,0.150425
205,0.139683
206,0.141411
207,0.16011
208,0.136691
209,0.15308
210,0.155711
211,0.166578
212,0.154933
213,0.143212
214,0.15331
215,0.136756
216,0.164005
217,0.157134
218,0.147908
219,0.150808
220,0.131307
221,0.154808
139,0.163599
140,0.141184
141,0.145241
142,0.157412
143,0.148439
144,0.14317
145,0.161632
146,0.145362
147,0.176742
148,0.150321
149,0.177966
150,0.168416
151,0.174624
152,0.153378
153,0
154,0.144428
155,0.171723
156,0.172666
157,0.200682
158,0.151547
159,0.150491
160,0.127914
161,0.150009
162,0.172815
163,0.154534
164,0.151095
165,0.154062
166,0.174293
167,0.14192
168,0.145783
169,0.154972
170,0.14559
171,0.134346
172,0.128263
173,0.162644
174,0.132927
175,0.141206
176,0.143212
177,0.134273
178,0.154646
179,0.14713
180,0.146221
181,0.152708
182,0.159608
183,0.134207
184,0.164508
93,0.16654
94,0.151326
95,0.143212
96,0.168569
97,0.160193
98,0.136382
99,0.144463
100,0.135306
101,0.139596
102,0.167171
103,0.151605
104,0.135864
105,0.154806
106,0.155314
107,0.140901
108,0.137711
109,0.152835
110,0.156205
111,0.163416
112,0.153888
113,0.151985
114,0.143986
115,0.151683
116,0.1463
117,0.141207
118,0.144234
119,0.152215
120,0.169809
121,0.151821
122,0.135878
123,0.137513
124,0.126229
125,0.144196
126,0.155484
127,0.140592
128,0.144475
129,0.155657
130,0.140171
131,0.14531
132,0.155657
133,0.152081
134,0.158145
135,0.142007
136,0.165508
137,0.145907
138,0.154808
47,0.16157
48,0.157412
49,0.148385
50,0.153355
51,0.164144
52,0.156342
53,0.151066
54,0.142458
55,0.159071
56,0.169064
57,0.152792
58,0.153114
59,0.139643
60,0.140875
61,0.13494
62,0.143778
63,0.143201
64,0.12853
65,0.147935
66,0.155286
67,0.123799
68,0.128715
69,0.153213
70,0.144952
71,0.135692
72,0.142736
73,0.149246
74,0.141891
75,0.139789
76,0.146407
77,0.136371
78,0.12873
79,0.147308
80,0.148016
81,0.153438
82,0.12112
83,0.146825
84,0.152232
85,0.150272
86,0.138777
87,0.159155
88,0.148141
89,0.155708
90,0.156708
91,0.133207
92,0.151708
1,0.148385
2,0.151326
3,0.12597
4,0.169583
5,0.141245
6,0.157457
7,0.163054
8,0.152647
9,0.160676
10,0.149257
11,0.164991
12,0.169566
13,0.159921
14,0.161924
15,0.142
16,0.147418
17,0.155991
18,0.151435
19,0.147727
20,0.154933
21,0.16421
22,0.166415
23,0.122123
24,0.152616
25,0.15756
26,0.1515
27,0.131264
28,0.144401
29,0.140447
30,0.146012
31,0.159206
32,0.165849
33,0.155858
34,0.157112
35,0.15047
36,0.163722
37,0.136389
38,0.148279
39,0.15736
40,0.128771
41,0.177951
42,0.156124
43,0.145907
44,0.170409
45,0.145907
46,0.169409
