397,0.166247
398,0.163193
399,0.167164
400,0.153929
401,0.180475
402,0.147938
403,0.165776
404,0.162494
405,0.141155
406,0.139088
407,0.152338
408,0.149297
409,0.144437
410,0.178732
411,0.170515
412,0.16239
413,0.153979
414,0.138689
415,0.206209
416,0.155264
417,0.169034
418,0.157289
419,0.1735
420,0.153138
421,0.151919
422,0.154859
423,0.1576
424,0.142215
425,0.17002
426,0.150181
427,0.168721
428,0.15938
429,0.148373
430,0.150412
431,0.137982
432,0.164525
433,0.132002
434,0.147789
435,0.159913
436,0.14515
437,0.174489
438,0.143584
439,0.164511
440,0.15771
441,0.193913
442,0.191012
351,0.171236
352,0.155965
353,0.151893
354,0.144767
355,0.187287
356,0.153734
357,0.157003
358,0.164689
359,0.168048
360,0.140406
361,0.153661
362,0.139711
363,0.148971
364,0.181833
365,0.151705
366,0.12964
367,0.14625
368,0.145974
369,0.133261
370,0.172773
371,0.159896
372,0.103777
373,0.128867
374,0.141885
375,0.140229
376,0.157668
377,0.141543
378,0.137265
379,0.152009
380,0.14956
381,0.146335
382,0.170188
383,0.158051
384,0.153106
385,0.156763
386,0.163218
387,0.147469
388,0.165284
389,0.151786
390,0.147177
391,0.149562
392,0.146624
393,0.170411
394,0.15481
395,0.198813
396,0.216514
305,0.151893
306,0.149959
307,0.172356
308,0.150977
309,0.16929
310,0.202132
311,0.16496
312,0.141582
313,0.153712
314,0.140833
315,0.157913
316,0.153124
317,0.164171
318,0.17256
319,0.140157
320,0.181923
321,0.157916
322,0.177526
323,0.148374
324,0.148931
325,0.154058
326,0.164023
327,0.151382
328,0.149307
329,0.130207
330,0.146702
331,0.145369
332,0.157041
333,0.154955
334,0
335,0.159607
336,0.165709
337,0.128199
338,0.164036
339,0.157334
340,0.149817
341,0.158456
342,0.144127
343,0.144775
344,0.146163
345,0.170538
346,0.149562
347,0.15571
348,0.145909
349,0.169411
350,0.178312
259,0.158001
260,0.145785
261,0.138658
262,0.146905
263,0.161156
264,0.181186
265,0.177814
266,0.168714
267,0
268,0.196499
269,0.147665
270,0.136949
271,0.193879
272,0.168721
273,0.172833
274,0.1871
275,0
276,0.168358
277,0.193186
278,0.172073
279,0.131549
280,0.155156
281,0.152619
282,0.160887
283,0.152233
284,0.134133
285,0.137003
286,0.143297
287,0.143891
288,0.146822
289,0.161537
290,0.1629
291,0.163849
292,0.154273
293,0.153515
294,0.141819
295,0.169023
296,0.162741
297,0.143658
298,0.137142
299,0.159594
300,0.171551
301,0.14881
302,0.134209
303,0.192912
304,0.188012
222,0.160139
223,0.142731
224,0.156983
225,0.133568
226,0.16624
227,0.173459
228,0.161696
229,0.149405
230,0.164521
231,0.153998
232,0.169387
233,0.13827
234,0.17287
235,0.176806
236,0.158135
237,0.16791
238,0.173047
239,0.158883
240,0.163507
241,0.180351
242,0.147076
243,0.154481
244,0.169999
245,0.167777
246,0.178971
247,0.173588
248,0.14256
249,0.15455
250,0.150739
251,0.148839
252,0.153157
253,0.163546
254,0.159594
255,0.15171
256,0.14691
257,0.184112
258,0.205713
185,0.131532
186,0.144767
187,0.142731
188,0.186608
189,0.147938
190,0.150989
191,0.149352
192,0.1571
193,0.142582
194,0.139974
195,0.171224
196,0.157547
197,0.159523
198,0
199,0.158971
200,0.140083
201,0.136271
202,0.156876
203,0.149574
204,0.150856
205,0.140157
206,0.141811
207,0.160457
208,0.136953
209,0.153445
210,0.156112
211,0.166915
212,0.155232
213,0.143721
214,0.153817
215,0.137142
216,0.164458
217,0.157567
218,0.14791
219,0.15081
220,0.131308
221,0.15481
139,0.164211
140,0.141712
141,0.145785
142,0.158001
143,0.148955
144,0.143668
145,0.162308
146,0.14613
147,0.177859
148,0.15116
149,0.179034
150,0.169583
151,0.175708
152,0.153986
153,0
154,0.145023
155,0.17245
156,0.173679
157,0.202
158,0.152503
159,0.151376
160,0.128672
161,0.150872
162,0.173432
163,0.154914
164,0.151545
165,0.154476
166,0.174291
167,0.142405
168,0.146311
169,0.155362
170,0.146066
171,0.134596
172,0.128598
173,0.162972
174,0.133278
175,0.141499
176,0.143721
177,0.134717
178,0.155083
179,0.147536
180,0.146624
181,0.15271
182,0.15961
183,0.134209
184,0.164511
93,0.167164
94,0.151893
95,0.143749
96,0.1692
97,0.16075
98,0.136856
99,0.145067
100,0.136115
101,0.140485
102,0.168187
103,0.152412
104,0.136634
105,0.155557
106,0.156012
107,0.141462
108,0.138439
109,0.153678
110,0.157066
111,0.164417
112,0.154717
113,0.152869
114,0.144844
115,0.152346
116,0.146778
117,0.141607
118,0.14456
119,0.152589
120,0.170262
121,0.151801
122,0.136162
123,0.137888
124,0.126528
125,0.144539
126,0.15585
127,0.140854
128,0.144812
129,0.155963
130,0.140669
131,0.145791
132,0.156097
133,0.152501
134,0.158581
135,0.142009
136,0.165511
137,0.145909
138,0.15481
47,0.162175
48,0.158001
49,0.148941
50,0.153929
51,0.164715
52,0.156886
53,0.151698
54,0.143253
55,0.161328
56,0.169885
57,0.153458
58,0.153896
59,0.140324
60,0.141537
61,0.13543
62,0.14444
63,0.143952
64,0.129154
65,0.148668
66,0.156142
67,0.124415
68,0.12928
69,0.153967
70,0.145283
71,0.135954
72,0.143197
73,0.149818
74,0.141888
75,0.139734
76,0.146727
77,0.136734
78,0.129055
79,0.147654
80,0.148364
81,0.153554
82,0.121363
83,0.14678
84,0.152773
85,0.15077
86,0.139169
87,0.159594
88,0.148549
89,0.15571
90,0.15671
91,0.133209
92,0.15171
1,0.148941
2,0.151893
3,0.126442
4,0.170218
5,0.141736
6,0.158004
7,0.163736
8,0.153411
9,0.161201
10,0.149832
11,0.16571
12,0.170305
13,0.160648
14,0.162195
15,0.142
16,0.14782
17,0.156711
18,0.152195
19,0.148403
20,0.155474
21,0.165016
22,0.166978
23,0.122663
24,0.153017
25,0.15755
26,0.1515
27,0.131572
28,0.144773
29,0.140354
30,0.146227
31,0.159552
32,0.166721
33,0.156218
34,0.157433
35,0.150752
36,0.163992
37,0.136571
38,0.148806
39,0.157881
40,0.129135
41,0.178441
42,0.156554
43,0.145909
44,0.170411
45,0.145909
46,0.169411
