397,0.148154
398,0.145451
399,0.149055
400,0.137243
401,0.16088
402,0.131848
403,0.146407
404,0.144539
405,0.128896
406,0.124526
407,0.137194
408,0.133629
409,0.129916
410,0.159097
411,0.152651
412,0.145444
413,0.137248
414,0.124519
415,0.185346
416,0.139884
417,0.151746
418,0.14275
419,0.160699
420,0.137997
421,0.133664
422,0.135445
423,0.142577
424,0.129781
425,0.15357
426,0.134462
427,0.150793
428,0.1444
429,0.132673
430,0.136187
431,0.12528
432,0.148056
433,0.118935
434,0.133552
435,0.144464
436,0.131746
437,0.158927
438,0.130822
439,0.152489
440,0.14619
441,0.179788
442,0.177088
351,0.152659
352,0.139045
353,0.135441
354,0.129034
355,0.166887
356,0.136953
357,0.131185
358,0.135243
359,0.147454
360,0.127459
361,0.146675
362,0.125527
363,0.132045
364,0.160288
365,0.135639
366,0.115918
367,0.128652
368,0.127549
369,0.119324
370,0.151272
371,0.142562
372,0.0920247
373,0.117819
374,0.125629
375,0.123755
376,0.137337
377,0.126257
378,0.121323
379,0.138374
380,0.131083
381,0.131536
382,0.153458
383,0.145477
384,0.137854
385,0.141276
386,0.141663
387,0.128894
388,0.141655
389,0.137161
390,0.133547
391,0.136223
392,0.133522
393,0.157989
394,0.14349
395,0.184287
396,0.200686
305,0.135441
306,0.133639
307,0.15366
308,0.13454
309,0.150869
310,0.179401
311,0.147108
312,0.13104
313,0.146707
314,0.125299
315,0.140483
316,0.138186
317,0.146971
318,0.153268
319,0.127828
320,0.160172
321,0.137448
322,0.158292
323,0.129698
324,0.13136
325,0.136276
326,0.145929
327,0.135296
328,0.131938
329,0.114592
330,0.130538
331,0.133195
332,0.149098
333,0.13727
334,0
335,0.138882
336,0.151384
337,0.117036
338,0.147963
339,0.14595
340,0.128922
341,0.13528
342,0.125348
343,0.130858
344,0.132647
345,0.155326
346,0.136223
347,0.14439
348,0.135291
349,0.157089
350,0.165289
259,0.140847
260,0.129935
261,0.123629
262,0.130936
263,0.143661
264,0.159378
265,0.159625
266,0.143657
267,0
268,0.182094
269,0.12937
270,0.120396
271,0.168965
272,0.149254
273,0.154027
274,0.169405
275,0
276,0.136367
277,0.161063
278,0.147491
279,0.114571
280,0.134931
281,0.13263
282,0.140061
283,0.131475
284,0.117397
285,0.125655
286,0.1273
287,0.137283
288,0.128167
289,0.145448
290,0.149092
291,0.148064
292,0.138955
293,0.13886
294,0.12259
295,0.144326
296,0.140754
297,0.129858
298,0.124444
299,0.145324
300,0.156226
301,0.13799
302,0.124391
303,0.178888
304,0.174288
222,0.142749
223,0.127232
224,0.139946
225,0.119024
226,0.148166
227,0.154573
228,0.142802
229,0.132749
230,0.144657
231,0.134629
232,0.14828
233,0.121029
234,0.150956
235,0.143466
236,0.137326
237,0.145533
238,0.150044
239,0.139944
240,0.147974
241,0.164377
242,0.132666
243,0.140695
244,0.15258
245,0.150756
246,0.16075
247,0.157098
248,0.128047
249,0.138947
250,0.136253
251,0.13446
252,0.138949
253,0.148925
254,0.145324
255,0.14069
256,0.136191
257,0.170688
258,0.190687
185,0.117222
186,0.129034
187,0.127232
188,0.166373
189,0.131848
190,0.134551
191,0.131886
192,0.139211
193,0.123754
194,0.121034
195,0.147436
196,0.138223
197,0.138239
198,0
199,0.140019
200,0.123677
201,0.120076
202,0.140837
203,0.13538
204,0.137991
205,0.125418
206,0.128077
207,0.145386
208,0.124463
209,0.138977
210,0.141658
211,0.151672
212,0.140782
213,0.12985
214,0.138962
215,0.124444
216,0.149825
217,0.143524
218,0.13709
219,0.13979
220,0.121692
221,0.14349
139,0.146352
140,0.126332
141,0.129935
142,0.140847
143,0.132749
144,0.128043
145,0.1416
146,0.128097
147,0.154952
148,0.133317
149,0.157954
150,0.150266
151,0.156797
152,0.136379
153,0
154,0.128089
155,0.152631
156,0.148751
157,0.173132
158,0.133094
159,0.134329
160,0.115166
161,0.133515
162,0.151699
163,0.138456
164,0.131742
165,0.138474
166,0.159758
167,0.129286
168,0.13089
169,0.142839
170,0.132369
171,0.123459
172,0.11674
173,0.151579
174,0.119951
175,0.122659
176,0.12985
177,0.121754
178,0.140749
179,0.134423
180,0.133522
181,0.14159
182,0.14799
183,0.124391
184,0.152489
93,0.149055
94,0.135441
95,0.128133
96,0.150857
97,0.14326
98,0.123038
99,0.129883
100,0.123396
101,0.127043
102,0.151798
103,0.136078
104,0.12267
105,0.142756
106,0.140552
107,0.120913
108,0.126017
109,0.139755
110,0.142249
111,0.148195
112,0.13877
113,0.136276
114,0.130871
115,0.13849
116,0.131368
117,0.127954
118,0.129645
119,0.14059
120,0.154272
121,0.137771
122,0.123664
123,0.125949
124,0.115857
125,0.131894
126,0.1427
127,0.128056
128,0.125345
129,0.137157
130,0.127149
131,0.131759
132,0.14165
133,0.138923
134,0.144424
135,0.131691
136,0.153489
137,0.135291
138,0.14349
47,0.144551
48,0.140847
49,0.132738
50,0.137243
51,0.146764
52,0.139856
53,0.135692
54,0.125108
55,0.133383
56,0.153188
57,0.137357
58,0.138305
59,0.125539
60,0.126068
61,0.121442
62,0.130247
63,0.128237
64,0.115718
65,0.134845
66,0.140028
67,0.113018
68,0.115628
69,0.142364
70,0.134647
71,0.12285
72,0.124109
73,0.134685
74,0.128258
75,0.129974
76,0.131379
77,0.12268
78,0.117777
79,0.136395
80,0.13619
81,0.143496
82,0.110842
83,0.135341
84,0.138053
85,0.136261
86,0.126244
87,0.145324
88,0.135323
89,0.14439
90,0.14529
91,0.123491
92,0.14069
1,0.132738
2,0.135441
3,0.112717
4,0.151758
5,0.126341
6,0.140858
7,0.144604
8,0.137178
9,0.147091
10,0.136199
11,0.147253
12,0.150881
13,0.142746
14,0.145478
15,0.129027
16,0.131865
17,0.138191
18,0.13541
19,0.131835
20,0.141599
21,0.146348
22,0.149056
23,0.111675
24,0.140663
25,0.145332
26,0.138111
27,0.120782
28,0.132591
29,0.130778
30,0.132691
31,0.144488
32,0.14898
33,0.141674
34,0.143542
35,0.138873
36,0.149843
37,0.12446
38,0.134452
39,0.142664
40,0.117141
41,0.162527
42,0.142624
43,0.135291
44,0.157989
45,0.135291
46,0.157089
