397,0.148361
398,0.145654
399,0.149263
400,0.137434
401,0.161121
402,0.132045
403,0.146683
404,0.144725
405,0.128891
406,0.124695
407,0.137318
408,0.133802
409,0.130071
410,0.15936
411,0.152852
412,0.145637
413,0.137446
414,0.124677
415,0.185541
416,0.139996
417,0.151941
418,0.142951
419,0.160697
420,0.137994
421,0.133883
422,0.135638
423,0.142547
424,0.129755
425,0.153663
426,0.134546
427,0.150917
428,0.144399
429,0.132771
430,0.13617
431,0.125254
432,0.148132
433,0.118982
434,0.13362
435,0.14455
436,0.131808
437,0.158962
438,0.130851
439,0.152475
440,0.146176
441,0.179771
442,0.177071
351,0.152871
352,0.139238
353,0.13563
354,0.129214
355,0.167136
356,0.137158
357,0.131433
358,0.135435
359,0.147661
360,0.127538
361,0.146909
362,0.125697
363,0.13224
364,0.160539
365,0.135825
366,0.116077
367,0.128854
368,0.127748
369,0.11949
370,0.151502
371,0.142779
372,0.0921914
373,0.117979
374,0.125802
375,0.123963
376,0.137521
377,0.126334
378,0.121488
379,0.13834
380,0.131193
381,0.131583
382,0.153536
383,0.145447
384,0.137925
385,0.141245
386,0.141748
387,0.128886
388,0.141728
389,0.137243
390,0.13361
391,0.136253
392,0.133552
393,0.157974
394,0.143477
395,0.18427
396,0.200667
305,0.13563
306,0.133825
307,0.153874
308,0.134727
309,0.151094
310,0.179669
311,0.147386
312,0.131228
313,0.146984
314,0.125566
315,0.140727
316,0.138435
317,0.147199
318,0.153493
319,0.127999
320,0.160401
321,0.137646
322,0.15855
323,0.129964
324,0.131573
325,0.136511
326,0.146237
327,0.135559
328,0.132122
329,0.11485
330,0.130721
331,0.133188
332,0.149095
333,0.137363
334,0
335,0.138858
336,0.151364
337,0.117083
338,0.148047
339,0.146016
340,0.128951
341,0.135253
342,0.125413
343,0.130936
344,0.132709
345,0.155361
346,0.136253
347,0.144377
348,0.135278
349,0.157075
350,0.165273
259,0.141043
260,0.130116
261,0.123801
262,0.131119
263,0.143876
264,0.159617
265,0.159927
266,0.143867
267,0
268,0.182488
269,0.129732
270,0.120659
271,0.169319
272,0.149461
273,0.154196
274,0.169546
275,0
276,0.13659
277,0.161414
278,0.147747
279,0.1148
280,0.13524
281,0.132938
282,0.140277
283,0.131843
284,0.117661
285,0.125863
286,0.1273
287,0.13726
288,0.128256
289,0.145513
290,0.149082
291,0.14815
292,0.139029
293,0.13894
294,0.122576
295,0.144228
296,0.140827
297,0.129935
298,0.124502
299,0.145357
300,0.156261
301,0.137978
302,0.12438
303,0.178871
304,0.174272
222,0.142947
223,0.12741
224,0.140141
225,0.11919
226,0.148387
227,0.154804
228,0.143071
229,0.132949
230,0.145002
231,0.134935
232,0.148656
233,0.121335
234,0.151299
235,0.14342
236,0.137629
237,0.145845
238,0.15037
239,0.140137
240,0.14794
241,0.164479
242,0.132754
243,0.140688
244,0.152686
245,0.150832
246,0.160816
247,0.157096
248,0.12811
249,0.13901
250,0.136323
251,0.13454
252,0.139014
253,0.148958
254,0.145357
255,0.140677
256,0.136178
257,0.170672
258,0.190669
185,0.117385
186,0.129214
187,0.12741
188,0.166605
189,0.132045
190,0.134752
191,0.132135
192,0.139628
193,0.124094
194,0.121347
195,0.147887
196,0.138521
197,0.138559
198,0
199,0.140313
200,0.123915
201,0.120311
202,0.14102
203,0.135488
204,0.137978
205,0.125575
206,0.128179
207,0.145501
208,0.124546
209,0.139079
210,0.141735
211,0.151768
212,0.140892
213,0.129917
214,0.139045
215,0.124502
216,0.149859
217,0.143556
218,0.137078
219,0.139777
220,0.12168
221,0.143477
139,0.146556
140,0.126507
141,0.130116
142,0.141043
143,0.132947
144,0.128235
145,0.141867
146,0.128361
147,0.155288
148,0.133606
149,0.158293
150,0.150622
151,0.157061
152,0.136617
153,0
154,0.128208
155,0.152805
156,0.148953
157,0.173441
158,0.133353
159,0.134635
160,0.115387
161,0.133802
162,0.151965
163,0.138664
164,0.131931
165,0.138572
166,0.159701
167,0.129267
168,0.131011
169,0.14289
170,0.132461
171,0.123539
172,0.116794
173,0.151552
174,0.120019
175,0.122738
176,0.129917
177,0.121827
178,0.140816
179,0.134453
180,0.133552
181,0.141577
182,0.147976
183,0.12438
184,0.152475
93,0.149263
94,0.13563
95,0.128312
96,0.151067
97,0.143475
98,0.123222
99,0.130129
100,0.123524
101,0.127234
102,0.151795
103,0.136317
104,0.122897
105,0.142965
106,0.140755
107,0.121065
108,0.126173
109,0.139963
110,0.142449
111,0.148455
112,0.138998
113,0.13651
114,0.131101
115,0.138744
116,0.131594
117,0.128161
118,0.129838
119,0.140578
120,0.154367
121,0.137865
122,0.12375
123,0.126014
124,0.115933
125,0.131886
126,0.1427
127,0.128131
128,0.125406
129,0.137232
130,0.127215
131,0.131837
132,0.141716
133,0.138954
134,0.144457
135,0.131679
136,0.153475
137,0.135278
138,0.143477
47,0.144752
48,0.141043
49,0.132923
50,0.137434
51,0.146984
52,0.140066
53,0.135948
54,0.125386
55,0.133628
56,0.153439
57,0.137567
58,0.138579
59,0.125726
60,0.126293
61,0.121632
62,0.130445
63,0.12842
64,0.115876
65,0.135039
66,0.1402
67,0.113176
68,0.115799
69,0.142317
70,0.134576
71,0.122917
72,0.124255
73,0.134666
74,0.128335
75,0.129938
76,0.131485
77,0.122787
78,0.117879
79,0.136389
80,0.136178
81,0.14349
82,0.110898
83,0.135396
84,0.138124
85,0.136342
86,0.126304
87,0.145357
88,0.135353
89,0.144377
90,0.145276
91,0.12348
92,0.140677
1,0.132923
2,0.13563
3,0.112874
4,0.151969
5,0.12653
6,0.141068
7,0.144877
8,0.137282
9,0.147079
10,0.136197
11,0.147458
12,0.151122
13,0.142941
14,0.145716
15,0.129197
16,0.132085
17,0.138447
18,0.135558
19,0.132016
20,0.141599
21,0.146545
22,0.149264
23,0.111641
24,0.140613
25,0.145375
26,0.13826
27,0.120757
28,0.132578
29,0.130749
30,0.132813
31,0.144606
32,0.149088
33,0.141772
34,0.143598
35,0.138838
36,0.149901
37,0.124539
38,0.134521
39,0.142748
40,0.117196
41,0.162564
42,0.142656
43,0.135278
44,0.157974
45,0.135278
46,0.157075
