397,0.148671
398,0.145959
399,0.149575
400,0.137721
401,0.161483
402,0.132342
403,0.1471
404,0.145005
405,0.128884
406,0.124949
407,0.137506
408,0.134062
409,0.130304
410,0.159756
411,0.153155
412,0.145926
413,0.137745
414,0.124915
415,0.185834
416,0.140164
417,0.152234
418,0.143252
419,0.160695
420,0.137989
421,0.134212
422,0.135928
423,0.142502
424,0.129716
425,0.153804
426,0.134671
427,0.151103
428,0.144398
429,0.132918
430,0.136145
431,0.125216
432,0.148245
433,0.119052
434,0.133724
435,0.144679
436,0.131901
437,0.159016
438,0.130895
439,0.152454
440,0.146156
441,0.179746
442,0.177047
351,0.153191
352,0.13953
353,0.135913
354,0.129484
355,0.167512
356,0.137467
357,0.131807
358,0.135724
359,0.147971
360,0.127657
361,0.147261
362,0.125953
363,0.132532
364,0.160917
365,0.136105
366,0.116315
367,0.129159
368,0.128048
369,0.11974
370,0.151849
371,0.143106
372,0.0924426
373,0.118219
374,0.126062
375,0.124276
376,0.137797
377,0.126449
378,0.121735
379,0.138289
380,0.131359
381,0.131655
382,0.153654
383,0.145402
384,0.138032
385,0.141197
386,0.141874
387,0.128873
388,0.141837
389,0.137365
390,0.133704
391,0.136299
392,0.133597
393,0.157952
394,0.143457
395,0.184245
396,0.20064
305,0.135913
306,0.134105
307,0.154196
308,0.135009
309,0.151434
310,0.180073
311,0.147804
312,0.13151
313,0.147401
314,0.125968
315,0.141096
316,0.13881
317,0.147543
318,0.153832
319,0.128256
320,0.160746
321,0.137943
322,0.158937
323,0.130364
324,0.131895
325,0.136866
326,0.1467
327,0.135955
328,0.132399
329,0.115238
330,0.130998
331,0.133178
332,0.14909
333,0.137503
334,0
335,0.138822
336,0.151332
337,0.117155
338,0.148173
339,0.146115
340,0.128995
341,0.135212
342,0.12551
343,0.131053
344,0.132802
345,0.155413
346,0.136299
347,0.144357
348,0.135259
349,0.157053
350,0.16525
259,0.141338
260,0.130388
261,0.12406
262,0.131393
263,0.144199
264,0.159976
265,0.160381
266,0.144184
267,0
268,0.183083
269,0.130279
270,0.121055
271,0.169853
272,0.149771
273,0.154451
274,0.169757
275,0
276,0.136925
277,0.161944
278,0.148132
279,0.115146
280,0.135707
281,0.133403
282,0.140601
283,0.132399
284,0.118059
285,0.126176
286,0.1273
287,0.137226
288,0.12839
289,0.14561
290,0.149067
291,0.148278
292,0.13914
293,0.13906
294,0.122556
295,0.144081
296,0.140936
297,0.130051
298,0.12459
299,0.145406
300,0.156314
301,0.137958
302,0.124363
303,0.178846
304,0.174248
222,0.143246
223,0.127676
224,0.140434
225,0.119439
226,0.148721
227,0.155152
228,0.143478
229,0.13325
230,0.145521
231,0.135396
232,0.149223
233,0.121798
234,0.151817
235,0.143352
236,0.138085
237,0.146315
238,0.150862
239,0.140427
240,0.147888
241,0.164633
242,0.132886
243,0.140677
244,0.152846
245,0.150944
246,0.160916
247,0.157092
248,0.128204
249,0.139104
250,0.136428
251,0.13466
252,0.139112
253,0.149008
254,0.145406
255,0.140658
256,0.136159
257,0.170649
258,0.190643
185,0.117631
186,0.129484
187,0.127676
188,0.166953
189,0.132342
190,0.135055
191,0.132511
192,0.140258
193,0.124608
194,0.12182
195,0.148569
196,0.138971
197,0.139042
198,0
199,0.140755
200,0.124273
201,0.120666
202,0.141296
203,0.135649
204,0.13796
205,0.125811
206,0.128334
207,0.145673
208,0.124672
209,0.139234
210,0.141851
211,0.151912
212,0.141057
213,0.130017
214,0.139169
215,0.12459
216,0.149909
217,0.143604
218,0.137059
219,0.139758
220,0.121663
221,0.143457
139,0.146863
140,0.126772
141,0.130388
142,0.141338
143,0.133246
144,0.128523
145,0.142271
146,0.128759
147,0.155796
148,0.134043
149,0.158806
150,0.15116
151,0.157457
152,0.136977
153,0
154,0.128386
155,0.153068
156,0.149257
157,0.173908
158,0.133744
159,0.135098
160,0.115721
161,0.134235
162,0.152366
163,0.138977
164,0.132216
165,0.138719
166,0.159617
167,0.129238
168,0.131192
169,0.142968
170,0.132599
171,0.123658
172,0.116874
173,0.15151
174,0.120121
175,0.122856
176,0.130017
177,0.121935
178,0.140915
179,0.134498
180,0.133597
181,0.141557
182,0.147955
183,0.124363
184,0.152454
93,0.149575
94,0.135913
95,0.12858
96,0.151383
97,0.143797
98,0.123499
99,0.130499
100,0.123717
101,0.127521
102,0.151791
103,0.136677
104,0.123239
105,0.143279
106,0.14106
107,0.121293
108,0.126408
109,0.140275
110,0.14275
111,0.148848
112,0.13934
113,0.136864
114,0.131446
115,0.139127
116,0.131933
117,0.128472
118,0.130129
119,0.140558
120,0.154511
121,0.138007
122,0.123879
123,0.126113
124,0.116047
125,0.131873
126,0.1427
127,0.128244
128,0.125496
129,0.137345
130,0.127313
131,0.131955
132,0.141816
133,0.139001
134,0.144505
135,0.13166
136,0.153454
137,0.135259
138,0.143457
47,0.145055
48,0.141338
49,0.133201
50,0.137721
51,0.147314
52,0.140381
53,0.136334
54,0.125805
55,0.133996
56,0.153817
57,0.137883
58,0.138993
59,0.126006
60,0.126633
61,0.121917
62,0.130742
63,0.128695
64,0.116113
65,0.135331
66,0.140458
67,0.113414
68,0.116057
69,0.142245
70,0.13447
71,0.123018
72,0.124475
73,0.134637
74,0.128451
75,0.129885
76,0.131644
77,0.122947
78,0.118033
79,0.136379
80,0.136159
81,0.143481
82,0.110982
83,0.135479
84,0.138231
85,0.136463
86,0.126393
87,0.145406
88,0.135398
89,0.144357
90,0.145256
91,0.123463
92,0.140658
1,0.133201
2,0.135913
3,0.11311
4,0.152287
5,0.126815
6,0.141386
7,0.145289
8,0.137439
9,0.147061
10,0.136194
11,0.147767
12,0.151485
13,0.143234
14,0.146074
15,0.129453
16,0.132417
17,0.138833
18,0.13578
19,0.132289
20,0.141597
21,0.146843
22,0.149577
23,0.11159
24,0.140538
25,0.14544
26,0.138484
27,0.12072
28,0.132559
29,0.130705
30,0.132997
31,0.144783
32,0.149249
33,0.141919
34,0.143682
35,0.138785
36,0.149988
37,0.124659
38,0.134625
39,0.142876
40,0.117279
41,0.162618
42,0.142704
43,0.135259
44,0.157952
45,0.135259
46,0.157053
