397,0.149191
398,0.146469
399,0.150098
400,0.138203
401,0.162091
402,0.13284
403,0.1478
404,0.145475
405,0.128872
406,0.125374
407,0.13782
408,0.134498
409,0.130694
410,0.16042
411,0.153664
412,0.146412
413,0.138245
414,0.125314
415,0.186325
416,0.140446
417,0.152725
418,0.143758
419,0.160692
420,0.13798
421,0.134766
422,0.136416
423,0.142426
424,0.129651
425,0.154038
426,0.134881
427,0.151414
428,0.144397
429,0.133164
430,0.136103
431,0.125151
432,0.148434
433,0.11917
434,0.133896
435,0.144895
436,0.132056
437,0.159105
438,0.130968
439,0.152419
440,0.146122
441,0.179704
442,0.177006
351,0.153727
352,0.140018
353,0.136389
354,0.129937
355,0.168142
356,0.137984
357,0.132434
358,0.136207
359,0.148492
360,0.127855
361,0.147851
362,0.126381
363,0.133023
364,0.161551
365,0.136574
366,0.116714
367,0.129671
368,0.128551
369,0.120159
370,0.15243
371,0.143654
372,0.0928644
373,0.118622
374,0.126498
375,0.124801
376,0.13826
377,0.126641
378,0.12215
379,0.138204
380,0.131636
381,0.131775
382,0.153849
383,0.145326
384,0.138212
385,0.141119
386,0.142086
387,0.128853
388,0.14202
389,0.13757
390,0.133861
391,0.136375
392,0.133672
393,0.157916
394,0.143424
395,0.184202
396,0.200593
305,0.136389
306,0.134574
307,0.154735
308,0.135482
309,0.152004
310,0.180751
311,0.148508
312,0.131984
313,0.148102
314,0.126644
315,0.141714
316,0.13944
317,0.148119
318,0.1544
319,0.128687
320,0.161325
321,0.138442
322,0.159587
323,0.131037
324,0.132435
325,0.137461
326,0.147478
327,0.13662
328,0.132864
329,0.11589
330,0.131462
331,0.13316
332,0.149082
333,0.137737
334,0
335,0.138762
336,0.151281
337,0.117275
338,0.148384
339,0.14628
340,0.129068
341,0.135145
342,0.125672
343,0.131248
344,0.132958
345,0.1555
346,0.136375
347,0.144323
348,0.135228
349,0.157016
350,0.165212
259,0.141832
260,0.130845
261,0.124494
262,0.131853
263,0.144742
264,0.160578
265,0.161145
266,0.144714
267,0
268,0.184082
269,0.131201
270,0.121721
271,0.170751
272,0.150291
273,0.154878
274,0.17011
275,0
276,0.137488
277,0.162835
278,0.148779
279,0.115726
280,0.136492
281,0.134184
282,0.141145
283,0.133336
284,0.118728
285,0.126701
286,0.1273
287,0.137169
288,0.128614
289,0.145771
290,0.149042
291,0.148493
292,0.139326
293,0.13926
294,0.122522
295,0.143836
296,0.141118
297,0.130245
298,0.124736
299,0.145487
300,0.156401
301,0.137927
302,0.124334
303,0.178805
304,0.174207
222,0.143748
223,0.128123
224,0.140925
225,0.119857
226,0.149281
227,0.155736
228,0.144161
229,0.133754
230,0.146396
231,0.136172
232,0.150178
233,0.122576
234,0.152687
235,0.143238
236,0.138852
237,0.147106
238,0.151689
239,0.140912
240,0.147801
241,0.16489
242,0.133107
243,0.140659
244,0.153114
245,0.151133
246,0.161082
247,0.157085
248,0.128361
249,0.13926
250,0.136604
251,0.134861
252,0.139275
253,0.149092
254,0.145487
255,0.140625
256,0.136127
257,0.170609
258,0.190598
185,0.118042
186,0.129937
187,0.128123
188,0.167538
189,0.13284
190,0.135563
191,0.133141
192,0.141321
193,0.125473
194,0.122616
195,0.149719
196,0.139727
197,0.139855
198,0
199,0.141498
200,0.124874
201,0.121262
202,0.141758
203,0.135918
204,0.137929
205,0.126207
206,0.128591
207,0.145961
208,0.124881
209,0.139491
210,0.142046
211,0.152152
212,0.141333
213,0.130185
214,0.139376
215,0.124736
216,0.149993
217,0.143685
218,0.137027
219,0.139726
220,0.121635
221,0.143424
139,0.147377
140,0.127216
141,0.130845
142,0.141832
143,0.133747
144,0.129007
145,0.142948
146,0.129428
147,0.156651
148,0.134778
149,0.159667
150,0.152064
151,0.158123
152,0.137581
153,0
154,0.128685
155,0.153508
156,0.149766
157,0.174692
158,0.134401
159,0.135876
160,0.116281
161,0.134963
162,0.153038
163,0.139503
164,0.132694
165,0.138966
166,0.159477
167,0.12919
168,0.131495
169,0.143097
170,0.132831
171,0.123857
172,0.117008
173,0.151441
174,0.120292
175,0.123053
176,0.130185
177,0.122117
178,0.14108
179,0.134573
180,0.133672
181,0.141525
182,0.147921
183,0.124334
184,0.152419
93,0.150098
94,0.136389
95,0.12903
96,0.151913
97,0.144338
98,0.123963
99,0.131119
100,0.124039
101,0.128004
102,0.151784
103,0.137281
104,0.123814
105,0.143805
106,0.141572
107,0.121674
108,0.126802
109,0.140799
110,0.143254
111,0.149506
112,0.139915
113,0.137457
114,0.132026
115,0.13977
116,0.132502
117,0.128993
118,0.130617
119,0.140526
120,0.15475
121,0.138244
122,0.124094
123,0.126277
124,0.116237
125,0.131853
126,0.142699
127,0.128432
128,0.125648
129,0.137534
130,0.127477
131,0.132151
132,0.141983
133,0.139079
134,0.144586
135,0.13163
136,0.153418
137,0.135228
138,0.143424
47,0.145562
48,0.141832
49,0.133667
50,0.138203
51,0.147869
52,0.140909
53,0.136983
54,0.12651
55,0.134616
56,0.154452
57,0.138413
58,0.139687
59,0.126477
60,0.127202
61,0.122397
62,0.131239
63,0.129157
64,0.116512
65,0.13582
66,0.140891
67,0.113813
68,0.11649
69,0.142126
70,0.134294
71,0.123187
72,0.124843
73,0.134588
74,0.128645
75,0.129797
76,0.131911
77,0.123216
78,0.118291
79,0.136363
80,0.136127
81,0.143467
82,0.111123
83,0.135617
84,0.13841
85,0.136667
86,0.126541
87,0.145487
88,0.135474
89,0.144323
90,0.145223
91,0.123434
92,0.140625
1,0.133667
2,0.136389
3,0.113506
4,0.15282
5,0.127292
6,0.141917
7,0.14598
8,0.137701
9,0.147031
10,0.136189
11,0.148284
12,0.152095
13,0.143725
14,0.146675
15,0.129881
16,0.132974
17,0.13948
18,0.136151
19,0.132745
20,0.141595
21,0.147341
22,0.150102
23,0.111505
24,0.140414
25,0.145547
26,0.138858
27,0.120659
28,0.132528
29,0.130632
30,0.133303
31,0.14508
32,0.149519
33,0.142166
34,0.143822
35,0.138697
36,0.150134
37,0.124859
38,0.134799
39,0.143089
40,0.117417
41,0.162709
42,0.142784
43,0.135228
44,0.157916
45,0.135228
46,0.157016
