397,0.150031
398,0.147294
399,0.150943
400,0.138982
401,0.163072
402,0.133644
403,0.148934
404,0.146232
405,0.128852
406,0.126061
407,0.138326
408,0.1352
409,0.131324
410,0.161495
411,0.154483
412,0.147196
413,0.139053
414,0.125958
415,0.187115
416,0.140899
417,0.153517
418,0.144575
419,0.160686
420,0.137966
421,0.13566
422,0.137203
423,0.142305
424,0.129548
425,0.154415
426,0.135217
427,0.151914
428,0.144395
429,0.13356
430,0.136035
431,0.125047
432,0.148738
433,0.119358
434,0.134173
435,0.145241
436,0.132305
437,0.159247
438,0.131086
439,0.152362
440,0.146068
441,0.179638
442,0.17694
351,0.154593
352,0.140806
353,0.137157
354,0.130669
355,0.169161
356,0.138819
357,0.13345
358,0.136988
359,0.149333
360,0.128173
361,0.148806
362,0.127072
363,0.133815
364,0.162575
365,0.137332
366,0.117358
367,0.130498
368,0.129364
369,0.120836
370,0.153369
371,0.144539
372,0.0935474
373,0.119272
374,0.127202
375,0.12565
376,0.139007
377,0.12695
378,0.122819
379,0.138068
380,0.132081
381,0.131966
382,0.154164
383,0.145206
384,0.1385
385,0.140993
386,0.142426
387,0.12882
388,0.142314
389,0.137899
390,0.134113
391,0.136498
392,0.133792
393,0.157857
394,0.143371
395,0.184134
396,0.200519
305,0.137157
306,0.135332
307,0.155607
308,0.136244
309,0.152925
310,0.181845
311,0.149647
312,0.132749
313,0.149237
314,0.12774
315,0.142714
316,0.14046
317,0.149051
318,0.155318
319,0.129382
320,0.162259
321,0.139248
322,0.160639
323,0.132128
324,0.133307
325,0.138423
326,0.148741
327,0.137698
328,0.133614
329,0.11695
330,0.132211
331,0.133133
332,0.14907
333,0.138114
334,0
335,0.138666
336,0.151197
337,0.117467
338,0.148723
339,0.146546
340,0.129186
341,0.135037
342,0.125932
343,0.131562
344,0.133209
345,0.155639
346,0.136498
347,0.14427
348,0.135178
349,0.156958
350,0.165151
259,0.142631
260,0.131581
261,0.125195
262,0.132595
263,0.145618
264,0.16155
265,0.162381
266,0.14557
267,0
268,0.185703
269,0.132704
270,0.122801
271,0.172207
272,0.151131
273,0.155566
274,0.170677
275,0
276,0.138399
277,0.164281
278,0.149825
279,0.116667
280,0.137766
281,0.135454
282,0.142025
283,0.134863
284,0.119815
285,0.12755
286,0.1273
287,0.137078
288,0.128973
289,0.146031
290,0.149002
291,0.148838
292,0.139624
293,0.139582
294,0.122468
295,0.143447
296,0.141409
297,0.130556
298,0.124971
299,0.145618
300,0.156541
301,0.137875
302,0.124288
303,0.178739
304,0.174143
222,0.144557
223,0.128844
224,0.141719
225,0.120532
226,0.150185
227,0.156679
228,0.145267
229,0.134568
230,0.147817
231,0.137433
232,0.151731
233,0.123843
234,0.154101
235,0.143057
236,0.140098
237,0.14839
238,0.153031
239,0.141697
240,0.147664
241,0.165302
242,0.133462
243,0.14063
244,0.153544
245,0.151436
246,0.161348
247,0.157075
248,0.128614
249,0.139512
250,0.136887
251,0.135183
252,0.139538
253,0.149225
254,0.145618
255,0.140573
256,0.136077
257,0.170546
258,0.190528
185,0.118707
186,0.130669
187,0.128844
188,0.168481
189,0.133644
190,0.136384
191,0.134163
192,0.143056
193,0.126883
194,0.123912
195,0.151596
196,0.140954
197,0.141175
198,0
199,0.142704
200,0.125848
201,0.122229
202,0.142503
203,0.136352
204,0.13788
205,0.126846
206,0.129006
207,0.146425
208,0.125218
209,0.139905
210,0.142357
211,0.152539
212,0.141776
213,0.130454
214,0.139709
215,0.124971
216,0.150127
217,0.143814
218,0.136976
219,0.139674
220,0.12159
221,0.143371
139,0.148206
140,0.127932
141,0.131581
142,0.142631
143,0.134557
144,0.129788
145,0.144044
146,0.130512
147,0.158037
148,0.135971
149,0.161064
150,0.153534
151,0.159201
152,0.138559
153,0
154,0.129166
155,0.154217
156,0.150587
157,0.17596
158,0.135466
159,0.137139
160,0.11719
161,0.136144
162,0.154127
163,0.140352
164,0.133466
165,0.139363
166,0.159252
167,0.129114
168,0.131983
169,0.143305
170,0.133202
171,0.124178
172,0.117223
173,0.151331
174,0.120567
175,0.12337
176,0.130454
177,0.122409
178,0.141346
179,0.134694
180,0.133792
181,0.141472
182,0.147866
183,0.124288
184,0.152362
93,0.150943
94,0.137157
95,0.129757
96,0.152768
97,0.145212
98,0.124714
99,0.132125
100,0.124558
101,0.128783
102,0.151773
103,0.138258
104,0.124745
105,0.144656
106,0.142399
107,0.12229
108,0.127436
109,0.141645
110,0.144068
111,0.150572
112,0.140844
113,0.138418
114,0.132965
115,0.140811
116,0.133424
117,0.129836
118,0.131406
119,0.140475
120,0.155136
121,0.138626
122,0.12444
123,0.126541
124,0.116543
125,0.131821
126,0.142699
127,0.128735
128,0.125891
129,0.137838
130,0.127741
131,0.132467
132,0.14225
133,0.139204
134,0.144716
135,0.131581
136,0.153361
137,0.135178
138,0.143371
47,0.146382
48,0.142631
49,0.13442
50,0.138982
51,0.148764
52,0.141762
53,0.138034
54,0.127655
55,0.135618
56,0.155478
57,0.13927
58,0.140813
59,0.127237
60,0.128124
61,0.123171
62,0.132044
63,0.129902
64,0.117154
65,0.136609
66,0.141588
67,0.114458
68,0.117188
69,0.141936
70,0.134013
71,0.123457
72,0.125437
73,0.13451
74,0.128956
75,0.129657
76,0.132339
77,0.123647
78,0.118706
79,0.136337
80,0.136077
81,0.143444
82,0.111349
83,0.135838
84,0.138696
85,0.136993
86,0.12678
87,0.145618
88,0.135596
89,0.14427
90,0.145169
91,0.123389
92,0.140573
1,0.13442
2,0.137157
3,0.114145
4,0.153681
5,0.128063
6,0.142777
7,0.1471
8,0.138122
9,0.146983
10,0.136181
11,0.149119
12,0.153081
13,0.144518
14,0.147647
15,0.130573
16,0.133876
17,0.140529
18,0.136749
19,0.133482
20,0.141592
21,0.148146
22,0.15095
23,0.11137
24,0.140216
25,0.145719
26,0.139462
27,0.120561
28,0.132477
29,0.130515
30,0.133797
31,0.145556
32,0.149953
33,0.142562
34,0.144046
35,0.138555
36,0.150367
37,0.125181
38,0.135078
39,0.143431
40,0.117638
41,0.162855
42,0.142912
43,0.135178
44,0.157857
45,0.135178
46,0.156958
