397,0.1630
398,0.1600
399,0.1640
400,0.1510
401,0.1770
402,0.1450
403,0.1610
404,0.1590
405,0.1420
406,0.1370
407,0.1510
408,0.1470
409,0.1430
410,0.1750
411,0.1680
412,0.1600
413,0.1510
414,0.1370
415,0.2040
416,0.1540
417,0.1670
418,0.1570
419,0.1770
420,0.1520
421,0.1470
422,0.1490
423,0.1570
424,0.1430
425,0.1690
426,0.1480
427,0.1660
428,0.1590
429,0.1460
430,0.1500
431,0.1380
432,0.1630
433,0.1310
434,0.1470
435,0.1590
436,0.1450
437,0.1750
438,0.1440
439,0.1680
440,0.1610
441,0.1980
442,0.1950
351,0.1680
352,0.1530
353,0.1490
354,0.1420
355,0.1646
356,0.1409
357,0.1343
358,0.1398
359,0.1465
360,0.1305
361,0.1458
362,0.1270
363,0.1340
364,0.1620
365,0.1380
366,0.1185
367,0.1317
368,0.1289
369,0.1200
370,0.1512
371,0.1444
372,0.0945
373,0.1190
374,0.1274
375,0.1258
376,0.1394
377,0.1275
378,0.1263
379,0.1395
380,0.1348
381,0.1361
382,0.1555
383,0.1464
384,0.1406
385,0.1461
386,0.1560
387,0.1420
388,0.1560
389,0.1510
390,0.1470
391,0.1500
392,0.1470
393,0.1740
394,0.1580
395,0.2030
396,0.2210
305,0.1490
306,0.1470
307,0.1690
308,0.1480
309,0.1660
310,0.1777
311,0.1495
312,0.1308
313,0.1455
314,0.1277
315,0.1424
316,0.1389
317,0.1478
318,0.1524
319,0.1400
320,0.1605
321,0.1404
322,0.1583
323,0.1293
324,0.1326
325,0.1361
326,0.1454
327,0.1349
328,0.1336
329,0.1161
330,0.1317
331,0.1337
332,0.1640
333,0.1394
334,0.2904
335,0.1424
336,0.1490
337,0.1201
338,0.1469
339,0.1458
340,0.1420
341,0.1490
342,0.1380
343,0.1440
344,0.1460
345,0.1710
346,0.1500
347,0.1590
348,0.1490
349,0.1730
350,0.1820
259,0.1550
260,0.1430
261,0.1360
262,0.1440
263,0.1580
264,0.1580
265,0.1584
266,0.1580
267,0.1490
268,0.1774
269,0.1290
270,0.1245
271,0.1663
272,0.1530
273,0.1537
274,0.1721
275,0.2162
276,0.1401
277,0.1607
278,0.1487
279,0.1163
280,0.1356
281,0.1312
282,0.1456
283,0.1269
284,0.1197
285,0.1268
286,0.1312
287,0.1400
288,0.1326
289,0.1492
290,0.1502
291,0.1512
292,0.1436
293,0.1428
294,0.1350
295,0.1590
296,0.1550
297,0.1430
298,0.1370
299,0.1600
300,0.1720
301,0.1520
302,0.1370
303,0.1970
304,0.1920
222,0.1570
223,0.1400
224,0.1540
225,0.1310
226,0.1630
227,0.1700
228,0.1570
229,0.1460
230,0.1590
231,0.1480
232,0.1630
233,0.1330
234,0.1660
235,0.1580
236,0.1510
237,0.1600
238,0.1650
239,0.1540
240,0.1630
241,0.1810
242,0.1460
243,0.1550
244,0.1680
245,0.1660
246,0.1770
247,0.1730
248,0.1410
249,0.1530
250,0.1500
251,0.1480
252,0.1530
253,0.1640
254,0.1600
255,0.1550
256,0.1500
257,0.1880
258,0.2100
185,0.1290
186,0.1420
187,0.1400
188,0.1830
189,0.1450
190,0.1480
191,0.1450
192,0.1530
193,0.1360
194,0.1330
195,0.1620
196,0.1520
197,0.1520
198,0.2260
199,0.1540
200,0.1360
201,0.1320
202,0.1550
203,0.1490
204,0.1520
205,0.1380
206,0.1410
207,0.1600
208,0.1370
209,0.1530
210,0.1560
211,0.1670
212,0.1550
213,0.1430
214,0.1530
215,0.1370
216,0.1650
217,0.1580
218,0.1510
219,0.1540
220,0.1340
221,0.1580
139,0.1610
140,0.1390
141,0.1430
142,0.1550
143,0.1460
144,0.1296
145,0.1433
146,0.1280
147,0.1543
148,0.1357
149,0.1590
150,0.1499
151,0.1567
152,0.1500
153,0.1700
154,0.1410
155,0.1554
156,0.1488
157,0.1714
158,0.1341
159,0.1350
160,0.1175
161,0.1325
162,0.1630
163,0.1410
164,0.1375
165,0.1420
166,0.1582
167,0.1313
168,0.1325
169,0.1435
170,0.1342
171,0.1313
172,0.1196
173,0.1580
174,0.1320
175,0.1350
176,0.1430
177,0.1340
178,0.1550
179,0.1480
180,0.1470
181,0.1560
182,0.1630
183,0.1370
184,0.1680
93,0.1640
94,0.1490
95,0.1410
96,0.1660
97,0.1393
98,0.1246
99,0.1322
100,0.1254
101,0.1280
102,0.1515
103,0.1395
104,0.1229
105,0.1440
106,0.1451
107,0.1330
108,0.1264
109,0.1397
110,0.1429
111,0.1485
112,0.1402
113,0.1368
114,0.1311
115,0.1388
116,0.1319
117,0.1275
118,0.1312
119,0.1415
120,0.1541
121,0.1397
122,0.1244
123,0.1256
124,0.1167
125,0.1301
126,0.1431
127,0.1410
128,0.1380
129,0.1510
130,0.1400
131,0.1450
132,0.1560
133,0.1530
134,0.1590
135,0.1450
136,0.1690
137,0.1490
138,0.1580
47,0.1590
48,0.1550
49,0.1460
50,0.1510
51,0.1487
52,0.1400
53,0.1382
54,0.1265
55,0.1347
56,0.1540
57,0.1400
58,0.1550
59,0.1274
60,0.1291
61,0.1237
62,0.1334
63,0.1291
64,0.1186
65,0.1371
66,0.1412
67,0.1151
68,0.1192
69,0.1448
70,0.1356
71,0.1258
72,0.1267
73,0.1370
74,0.1323
75,0.1301
76,0.1344
77,0.1255
78,0.1186
79,0.1370
80,0.1392
81,0.1456
82,0.1220
83,0.1490
84,0.1520
85,0.1500
86,0.1390
87,0.1600
88,0.1490
89,0.1590
90,0.1600
91,0.1360
92,0.1550
1,0.1460
2,0.1490
3,0.1240
4,0.1670
5,0.1390
6,0.1550
7,0.1590
8,0.1510
9,0.1620
10,0.1500
11,0.1620
12,0.1660
13,0.1570
14,0.1600
15,0.1420
16,0.1450
17,0.1520
18,0.1490
19,0.1450
20,0.1560
21,0.1610
22,0.1640
23,0.1230
24,0.1550
25,0.1600
26,0.1520
27,0.1330
28,0.1460
29,0.1440
30,0.1460
31,0.1590
32,0.1640
33,0.1560
34,0.1580
35,0.1530
36,0.1650
37,0.1370
38,0.1480
39,0.1570
40,0.1290
41,0.1790
42,0.1570
43,0.1490
44,0.1740
45,0.1490
46,0.1730
