# COMMENT DO NOT TOUCH
397,1.0000
398,1.0000
399,1.0000
400,1.0000
401,1.0000
402,1.0000
403,1.0000
404,1.0000
405,1.0000
406,1.0000
407,1.0000
408,1.0000
409,1.0000
410,1.0000
411,1.0000
412,1.0000
413,1.0000
414,1.0000
415,1.0000
416,1.0000
417,1.0000
418,1.0000
419,1.0000
420,1.0000
421,1.0000
422,1.0000
423,1.0000
424,1.0000
425,1.0000
426,1.0000
427,1.0000
428,1.0000
429,1.0000
430,1.0000
431,1.0000
432,1.0000
433,1.0000
434,1.0000
435,1.0000
436,1.0000
437,1.0000
438,1.0000
439,1.0000
440,1.0000
441,1.0000
442,1.0000
351,1.0000
352,1.0000
353,1.0000
354,1.0000
355,1.0000
356,1.0000
357,1.0000
358,1.0000
359,1.0000
360,1.0000
361,1.0000
362,0.9158
363,0.8961
364,0.8902
365,0.8828
366,0.8648
367,0.8594
368,0.8772
369,0.8797
370,0.8857
371,0.8576
372,0.8259
373,0.8437
374,0.8407
375,0.8533
376,1.0000
377,1.0000
378,1.0000
379,1.0000
380,1.0000
381,1.0000
382,1.0000
383,1.0000
384,1.0000
385,1.0000
386,1.0000
387,1.0000
388,1.0000
389,1.0000
390,1.0000
391,1.0000
392,1.0000
393,1.0000
394,1.0000
395,1.0000
396,1.0000
305,1.0000
306,1.0000
307,1.0000
308,1.0000
309,1.0000
310,1.0000
311,1.0000
312,1.0000
313,1.0000
314,1.0000
315,1.0000
316,0.9138
317,0.9022
318,0.9102
319,0.8959
320,0.9207
321,0.8996
322,0.8953
323,0.8837
324,0.8518
325,0.8507
326,0.8550
327,0.8610
328,0.8340
329,0.8456
330,0.8580
331,0.8640
332,1.0000
333,1.0000
334,1.0000
335,1.0000
336,1.0000
337,1.0000
338,1.0000
339,1.0000
340,1.0000
341,1.0000
342,1.0000
343,1.0000
344,1.0000
345,1.0000
346,1.0000
347,1.0000
348,1.0000
349,1.0000
350,1.0000
259,1.0000
260,1.0000
261,1.0000
262,1.0000
263,1.0000
264,1.0000
265,1.0000
266,1.0000
267,1.0000
268,1.0000
269,0.9415
270,0.8886
271,0.9551
272,0.9076
273,0.9531
274,0.9713
275,1.1901
276,0.9231
277,0.9094
278,0.8840
279,0.8417
280,0.8699
281,0.8955
282,0.8582
283,0.9276
284,0.8813
285,0.9240
286,1.0000
287,1.0000
288,1.0000
289,1.0000
290,1.0000
291,1.0000
292,1.0000
293,1.0000
294,1.0000
295,1.0000
296,1.0000
297,1.0000
298,1.0000
299,1.0000
300,1.0000
301,1.0000
302,1.0000
303,1.0000
304,1.0000
222,1.0000
223,1.0000
224,1.0000
225,1.0000
226,1.0000
227,1.0000
228,1.0000
229,1.0000
230,1.0000
231,1.0000
232,1.0000
233,1.0000
234,1.0000
235,1.0000
236,1.0000
237,1.0000
238,1.0000
239,1.0000
240,1.0000
241,1.0000
242,1.0000
243,1.0000
244,1.0000
245,1.0000
246,1.0000
247,1.0000
248,1.0000
249,1.0000
250,1.0000
251,1.0000
252,1.0000
253,1.0000
254,1.0000
255,1.0000
256,1.0000
257,1.0000
258,1.0000
185,1.0000
186,1.0000
187,1.0000
188,1.0000
189,1.0000
190,1.0000
191,1.0000
192,1.0000
193,1.0000
194,1.0000
195,1.0000
196,1.0000
197,1.0000
198,1.0000
199,1.0000
200,1.0000
201,1.0000
202,1.0000
203,1.0000
204,1.0000
205,1.0000
206,1.0000
207,1.0000
208,1.0000
209,1.0000
210,1.0000
211,1.0000
212,1.0000
213,1.0000
214,1.0000
215,1.0000
216,1.0000
217,1.0000
218,1.0000
219,1.0000
220,1.0000
221,1.0000
139,1.0000
140,1.0000
141,1.0000
142,1.0000
143,1.0000
144,1.0000
145,1.0000
146,1.0000
147,1.0000
148,1.0000
149,1.0000
150,0.9438
151,0.9537
152,1.0000
153,1.0000
154,1.0000
155,0.8938
156,0.9156
157,0.9236
158,0.8911
159,0.9051
160,0.8456
161,0.9020
162,0.8753
163,0.8804
164,0.8636
165,0.8732
166,1.0000
167,1.0000
168,1.0000
169,1.0000
170,1.0000
171,1.0000
172,1.0000
173,1.0000
174,1.0000
175,1.0000
176,1.0000
177,1.0000
178,1.0000
179,1.0000
180,1.0000
181,1.0000
182,1.0000
183,1.0000
184,1.0000
93,1.0000
94,1.0000
95,1.0000
96,1.0000
97,1.0000
98,1.0000
99,1.0000
100,1.0000
101,1.0000
102,1.0000
103,1.0000
104,0.8930
105,0.8908
106,0.8714
107,1.0000
108,0.9034
109,0.8815
110,0.8724
111,0.8762
112,0.8406
113,0.8387
114,0.8369
115,0.8627
116,0.8752
117,0.8757
118,0.8454
119,1.0000
120,1.0000
121,1.0000
122,1.0000
123,1.0000
124,1.0000
125,1.0000
126,1.0000
127,1.0000
128,1.0000
129,1.0000
130,1.0000
131,1.0000
132,1.0000
133,1.0000
134,1.0000
135,1.0000
136,1.0000
137,1.0000
138,1.0000
47,1.0000
48,1.0000
49,1.0000
50,1.0000
51,1.0000
52,1.0000
53,1.0000
54,1.0000
55,1.0000
56,1.0000
57,1.0000
58,0.8795
59,0.8845
60,0.8708
61,0.8783
62,0.8663
63,0.8707
64,0.8432
65,0.8549
66,0.8534
67,0.8249
68,0.8138
69,0.8439
70,0.8651
71,0.8528
72,0.8466
73,1.0000
74,1.0000
75,1.0000
76,1.0000
77,1.0000
78,1.0000
79,1.0000
80,1.0000
81,1.0000
82,1.0000
83,1.0000
84,1.0000
85,1.0000
86,1.0000
87,1.0000
88,1.0000
89,1.0000
90,1.0000
91,1.0000
92,1.0000
1,1.0000
2,1.0000
3,1.0000
4,1.0000
5,1.0000
6,1.0000
7,1.0000
8,1.0000
9,1.0000
10,1.0000
11,1.0000
12,1.0000
13,1.0000
14,1.0000
15,1.0000
16,1.0000
17,1.0000
18,1.0000
19,1.0000
20,1.0000
21,1.0000
22,1.0000
23,1.0000
24,1.0000
25,1.0000
26,1.0000
27,1.0000
28,1.0000
29,1.0000
30,1.0000
31,1.0000
32,1.0000
33,1.0000
34,1.0000
35,1.0000
36,1.0000
37,1.0000
38,1.0000
39,1.0000
40,1.0000
41,1.0000
42,1.0000
43,1.0000
44,1.0000
45,1.0000
46,1.0000
