397,0.147656
398,0.144851
399,0.148558
400,0.136737
401,0.160299
402,0.131345
403,0.145843
404,0.143931
405,0.128394
406,0.124009
407,0.136655
408,0.133115
409,0.129493
410,0.158527
411,0.15215
412,0.144839
413,0.136746
414,0.123997
415,0.184642
416,0.139339
417,0.151242
418,0.142149
419,0.159998
420,0.137396
421,0.133172
422,0.13494
423,0.141862
424,0.129268
425,0.152916
426,0.133904
427,0.150254
428,0.143699
429,0.132122
430,0.135579
431,0.124768
432,0.147494
433,0.118458
434,0.132986
435,0.143807
436,0.131177
437,0.158244
438,0.130236
439,0.151882
440,0.145483
441,0.178979
442,0.17628
351,0.152164
352,0.13854
353,0.134934
354,0.128623
355,0.167212
356,0.137156
357,0.131309
358,0.135239
359,0.147558
360,0.131802
361,0.131118
362,0.129719
363,0.133946
364,0.162517
365,0.137135
366,0.1175
367,0.130656
368,0.130354
369,0.121611
370,0.154593
371,0.144574
372,0.0932104
373,0.118901
374,0.127018
375,0.125563
376,0.138631
377,0.128497
378,0.123709
379,0.140057
380,0.132239
381,0.13186
382,0.153497
383,0.145462
384,0.137889
385,0.141261
386,0.141105
387,0.12839
388,0.141091
389,0.136601
390,0.132978
391,0.135638
392,0.132937
393,0.157282
394,0.142783
395,0.183479
396,0.199777
305,0.134934
306,0.133131
307,0.153066
308,0.134033
309,0.15038
310,0.179535
311,0.147247
312,0.131134
313,0.146845
314,0.125934
315,0.14281
316,0.138611
317,0.146985
318,0.153481
319,0.127312
320,0.160386
321,0.137547
322,0.158321
323,0.12953
324,0.131466
325,0.136393
326,0.146083
327,0.135327
328,0.13203
329,0.114721
330,0.130629
331,0.133191
332,0.148196
333,0.137617
334,0.308247
335,0.13887
336,0.151174
337,0.11706
338,0.148005
339,0.145882
340,0.128436
341,0.134666
342,0.12488
343,0.130297
344,0.132077
345,0.154643
346,0.135638
347,0.143683
348,0.134684
349,0.156382
350,0.164481
259,0.140344
260,0.129525
261,0.123114
262,0.130426
263,0.143067
264,0.159497
265,0.159776
266,0.143061
267,0.1347
268,0.182191
269,0.129651
270,0.120928
271,0.169242
272,0.149257
273,0.154512
274,0.169575
275,0.233893
276,0.136378
277,0.161238
278,0.147619
279,0.114886
280,0.134985
281,0.132684
282,0.140269
283,0.131558
284,0.117529
285,0.125458
286,0.1275
287,0.137671
288,0.129312
289,0.146481
290,0.149487
291,0.148107
292,0.138992
293,0.1389
294,0.121983
295,0.143578
296,0.14019
297,0.129396
298,0.123873
299,0.14464
300,0.155543
301,0.137384
302,0.123786
303,0.178079
304,0.17358
222,0.142147
223,0.12682
224,0.139442
225,0.118606
226,0.147675
227,0.153987
228,0.142235
229,0.132248
230,0.144127
231,0.13418
232,0.147866
233,0.12058
234,0.150526
235,0.142743
236,0.136876
237,0.144987
238,0.149605
239,0.139439
240,0.147357
241,0.163727
242,0.132109
243,0.140091
244,0.152033
245,0.150194
246,0.160082
247,0.156397
248,0.127578
249,0.138378
250,0.135687
251,0.133899
252,0.138381
253,0.148341
254,0.14464
255,0.140084
256,0.135584
257,0.16998
258,0.189778
185,0.116803
186,0.128623
187,0.12682
188,0.165688
189,0.131345
190,0.13405
191,0.131409
192,0.138817
193,0.123322
194,0.120588
195,0.146959
196,0.13777
197,0.137797
198,0.205297
199,0.139564
200,0.123195
201,0.119592
202,0.140328
203,0.134833
204,0.137385
205,0.124995
206,0.127628
207,0.144743
208,0.123904
209,0.138428
210,0.141096
211,0.151119
212,0.140236
213,0.129383
214,0.138403
215,0.123873
216,0.149242
217,0.14284
218,0.136484
219,0.139184
220,0.121086
221,0.142783
139,0.145753
140,0.125919
141,0.129525
142,0.140344
143,0.132247
144,0.128039
145,0.141734
146,0.128229
147,0.15502
148,0.133562
149,0.158123
150,0.150644
151,0.157129
152,0.135897
153,0.153872
154,0.127648
155,0.152618
156,0.148852
157,0.173286
158,0.133223
159,0.134482
160,0.115276
161,0.133558
162,0.151531
163,0.13866
164,0.132037
165,0.139624
166,0.162029
167,0.130576
168,0.131651
169,0.143365
170,0.133116
171,0.123799
172,0.117067
173,0.151566
174,0.119385
175,0.122098
176,0.129383
177,0.12119
178,0.140182
179,0.133837
180,0.132937
181,0.140984
182,0.147383
183,0.123786
184,0.151882
93,0.148558
94,0.134934
95,0.127722
96,0.150361
97,0.143468
98,0.12313
99,0.130006
100,0.123059
101,0.127138
102,0.151797
103,0.136298
104,0.122984
105,0.14276
106,0.140553
107,0.120388
108,0.126095
109,0.139859
110,0.142349
111,0.148425
112,0.138784
113,0.136393
114,0.130986
115,0.138617
116,0.131581
117,0.128057
118,0.129841
119,0.140484
120,0.154519
121,0.137918
122,0.123507
123,0.126082
124,0.115895
125,0.13189
126,0.1427
127,0.127593
128,0.124875
129,0.136594
130,0.126681
131,0.131197
132,0.141083
133,0.138339
134,0.14374
135,0.131085
136,0.152782
137,0.134684
138,0.142783
47,0.14395
48,0.140344
49,0.13223
50,0.136737
51,0.146874
52,0.139961
53,0.13582
54,0.125247
55,0.133505
56,0.153714
57,0.138965
58,0.139244
59,0.127837
60,0.128285
61,0.124442
62,0.13225
63,0.12903
64,0.1174
65,0.137647
66,0.142718
67,0.114299
68,0.117818
69,0.144539
70,0.135911
71,0.124785
72,0.126185
73,0.136475
74,0.129397
75,0.130356
76,0.131833
77,0.123434
78,0.118228
79,0.136392
80,0.136384
81,0.143693
82,0.11037
83,0.134768
84,0.137488
85,0.135701
86,0.125774
87,0.14464
88,0.134738
89,0.143683
90,0.144583
91,0.122886
92,0.140084
1,0.13223
2,0.134934
3,0.112295
4,0.151263
5,0.125935
6,0.140362
7,0.144039
8,0.13663
9,0.146385
10,0.135598
11,0.146655
12,0.1504
13,0.142142
14,0.144895
15,0.128611
16,0.131374
17,0.137718
18,0.134883
19,0.131325
20,0.140999
21,0.145745
22,0.148559
23,0.111158
24,0.140038
25,0.144653
26,0.137585
27,0.120169
28,0.131984
29,0.130164
30,0.132152
31,0.143847
32,0.148434
33,0.141122
34,0.142869
35,0.138256
36,0.149272
37,0.123899
38,0.133886
39,0.142005
40,0.116668
41,0.161845
42,0.14194
43,0.134684
44,0.157282
45,0.134684
46,0.156382
