397,0.147862
398,0.145053
399,0.148765
400,0.136928
401,0.160539
402,0.131542
403,0.146119
404,0.144117
405,0.128389
406,0.124177
407,0.13678
408,0.133287
409,0.129647
410,0.158789
411,0.152351
412,0.145031
413,0.136944
414,0.124154
415,0.184837
416,0.139451
417,0.151436
418,0.142349
419,0.159997
420,0.137392
421,0.13339
422,0.135133
423,0.141832
424,0.129242
425,0.153009
426,0.133987
427,0.150377
428,0.143699
429,0.132219
430,0.135562
431,0.124742
432,0.147569
433,0.118505
434,0.133054
435,0.143892
436,0.131238
437,0.15828
438,0.130266
439,0.151868
440,0.14547
441,0.178963
442,0.176263
351,0.152376
352,0.138733
353,0.135122
354,0.128802
355,0.167462
356,0.137361
357,0.131557
358,0.135431
359,0.147764
360,0.131883
361,0.126491
362,0.129895
363,0.134143
364,0.162772
365,0.137323
366,0.11766
367,0.130862
368,0.130557
369,0.12178
370,0.154829
371,0.144794
372,0.0933795
373,0.119062
374,0.127193
375,0.125774
376,0.138817
377,0.128575
378,0.123877
379,0.140022
380,0.13235
381,0.131908
382,0.153576
383,0.145432
384,0.137961
385,0.141229
386,0.141189
387,0.128382
388,0.141163
389,0.136683
390,0.13304
391,0.135668
392,0.132967
393,0.157267
394,0.14277
395,0.183462
396,0.199758
305,0.135122
306,0.133317
307,0.153279
308,0.134219
309,0.150606
310,0.179804
311,0.147525
312,0.131322
313,0.147123
314,0.126202
315,0.143058
316,0.138861
317,0.147213
318,0.153707
319,0.127483
320,0.160616
321,0.137745
322,0.158578
323,0.129796
324,0.13168
325,0.136629
326,0.146391
327,0.13559
328,0.132214
329,0.114979
330,0.130814
331,0.133185
332,0.148193
333,0.13771
334,0.308445
335,0.138846
336,0.151153
337,0.117107
338,0.148089
339,0.145949
340,0.128466
341,0.134639
342,0.124945
343,0.130374
344,0.132139
345,0.154678
346,0.135668
347,0.14367
348,0.134672
349,0.156367
350,0.164466
259,0.140539
260,0.129705
261,0.123285
262,0.130608
263,0.143281
264,0.159736
265,0.160078
266,0.14327
267,0.1347
268,0.182586
269,0.130015
270,0.121192
271,0.169597
272,0.149464
273,0.154682
274,0.169716
275,0.234208
276,0.136601
277,0.16159
278,0.147875
279,0.115116
280,0.135295
281,0.132992
282,0.140485
283,0.131927
284,0.117793
285,0.125666
286,0.1275
287,0.137648
288,0.129402
289,0.146546
290,0.149477
291,0.148193
292,0.139066
293,0.13898
294,0.12197
295,0.14348
296,0.140262
297,0.129473
298,0.123931
299,0.144673
300,0.155578
301,0.137371
302,0.123774
303,0.178063
304,0.173564
222,0.142345
223,0.126997
224,0.139636
225,0.118771
226,0.147896
227,0.154218
228,0.142504
229,0.132447
230,0.144471
231,0.134485
232,0.148241
233,0.120885
234,0.150868
235,0.142698
236,0.137177
237,0.145298
238,0.149931
239,0.139631
240,0.147323
241,0.163829
242,0.132197
243,0.140084
244,0.152139
245,0.150268
246,0.160149
247,0.156394
248,0.127641
249,0.13844
250,0.135757
251,0.133979
252,0.138446
253,0.148375
254,0.144673
255,0.140071
256,0.135572
257,0.169965
258,0.18976
185,0.116965
186,0.128802
187,0.126997
188,0.165918
189,0.131542
190,0.134251
191,0.131658
192,0.139233
193,0.123661
194,0.120901
195,0.147409
196,0.138068
197,0.138117
198,0.206101
199,0.139857
200,0.123431
201,0.119827
202,0.14051
203,0.13494
204,0.137372
205,0.125152
206,0.12773
207,0.144857
208,0.123987
209,0.13853
210,0.141173
211,0.151215
212,0.140346
213,0.12945
214,0.138485
215,0.123931
216,0.149275
217,0.142872
218,0.136472
219,0.139171
220,0.121075
221,0.14277
139,0.145956
140,0.126094
141,0.129705
142,0.140539
143,0.132445
144,0.12823
145,0.142002
146,0.128494
147,0.155357
148,0.133852
149,0.158464
150,0.151002
151,0.157393
152,0.136135
153,0.154009
154,0.127766
155,0.152793
156,0.149054
157,0.173597
158,0.133483
159,0.134789
160,0.115498
161,0.133845
162,0.151797
163,0.138868
164,0.132227
165,0.139723
166,0.161971
167,0.130557
168,0.131773
169,0.143417
170,0.133208
171,0.123879
172,0.117121
173,0.151538
174,0.119452
175,0.122176
176,0.12945
177,0.121262
178,0.140248
179,0.133867
180,0.132967
181,0.140971
182,0.147369
183,0.123774
184,0.151868
93,0.148765
94,0.135122
95,0.1279
96,0.15057
97,0.143682
98,0.123314
99,0.130252
100,0.123187
101,0.12733
102,0.151794
103,0.136537
104,0.123212
105,0.142969
106,0.140756
107,0.120539
108,0.126251
109,0.140067
110,0.142549
111,0.148686
112,0.139011
113,0.136628
114,0.131216
115,0.138871
116,0.131807
117,0.128264
118,0.130035
119,0.140471
120,0.154615
121,0.138013
122,0.123592
123,0.126147
124,0.115971
125,0.131882
126,0.1427
127,0.127668
128,0.124935
129,0.136669
130,0.126747
131,0.131275
132,0.141149
133,0.13837
134,0.143772
135,0.131073
136,0.152768
137,0.134672
138,0.14277
47,0.14415
48,0.140539
49,0.132414
50,0.136928
51,0.147094
52,0.140171
53,0.136076
54,0.125525
55,0.13375
56,0.153966
57,0.139177
58,0.13952
59,0.128026
60,0.128515
61,0.124637
62,0.13245
63,0.129214
64,0.11756
65,0.137845
66,0.142893
67,0.114459
68,0.117992
69,0.144491
70,0.135839
71,0.124853
72,0.126334
73,0.136456
74,0.129475
75,0.13032
76,0.131939
77,0.123541
78,0.118331
79,0.136385
80,0.136371
81,0.143687
82,0.110426
83,0.134823
84,0.137559
85,0.135781
86,0.125833
87,0.144673
88,0.134768
89,0.14367
90,0.14457
91,0.122874
92,0.140071
1,0.132414
2,0.135122
3,0.112451
4,0.151473
5,0.126123
6,0.140572
7,0.144311
8,0.136734
9,0.146373
10,0.135596
11,0.146859
12,0.150641
13,0.142336
14,0.145132
15,0.128781
16,0.131594
17,0.137973
18,0.13503
19,0.131505
20,0.140998
21,0.145942
22,0.148766
23,0.111124
24,0.139988
25,0.144696
26,0.137733
27,0.120145
28,0.131972
29,0.130134
30,0.132273
31,0.143964
32,0.148541
33,0.14122
34,0.142925
35,0.138221
36,0.14933
37,0.123979
38,0.133955
39,0.14209
40,0.116723
41,0.161881
42,0.141971
43,0.134672
44,0.157267
45,0.134672
46,0.156367
