397,0.148899
398,0.14607
399,0.149808
400,0.137888
401,0.16175
402,0.132534
403,0.147514
404,0.145051
405,0.128364
406,0.125025
407,0.137405
408,0.134155
409,0.130425
410,0.160113
411,0.153364
412,0.145998
413,0.13794
414,0.124949
415,0.185814
416,0.140012
417,0.152415
418,0.143356
419,0.15999
420,0.137375
421,0.134493
422,0.136104
423,0.141682
424,0.129113
425,0.153476
426,0.134404
427,0.150997
428,0.143696
429,0.132709
430,0.135478
431,0.124612
432,0.147946
433,0.118739
434,0.133398
435,0.144322
436,0.131547
437,0.158457
438,0.130411
439,0.151798
440,0.145402
441,0.17888
442,0.176182
351,0.153445
352,0.139706
353,0.13607
354,0.129706
355,0.168725
356,0.138397
357,0.132813
358,0.136398
359,0.148806
360,0.132293
361,0.107521
362,0.13078
363,0.135138
364,0.164057
365,0.138271
366,0.118469
367,0.131902
368,0.131586
369,0.122635
370,0.156016
371,0.145905
372,0.094234
373,0.119875
374,0.128074
375,0.126839
376,0.139751
377,0.128966
378,0.124723
379,0.13985
380,0.132909
381,0.132147
382,0.153967
383,0.145281
384,0.13832
385,0.141071
386,0.141611
387,0.128341
388,0.141528
389,0.13709
390,0.133353
391,0.13582
392,0.133116
393,0.157194
394,0.142704
395,0.183377
396,0.199666
305,0.13607
306,0.134251
307,0.154354
308,0.135161
309,0.151741
310,0.18116
311,0.148933
312,0.13227
313,0.148526
314,0.12756
315,0.144315
316,0.140125
317,0.148366
318,0.154844
319,0.128341
320,0.161775
321,0.138744
322,0.159879
323,0.13114
324,0.132761
325,0.13782
326,0.147949
327,0.136921
328,0.133144
329,0.116286
330,0.131742
331,0.13315
332,0.148178
333,0.13818
334,0.309439
335,0.138726
336,0.15105
337,0.117347
338,0.148511
339,0.14628
340,0.128612
341,0.134505
342,0.125267
343,0.130763
344,0.13245
345,0.154851
346,0.13582
347,0.143604
348,0.13461
349,0.156295
350,0.16439
259,0.141525
260,0.130615
261,0.12415
262,0.131524
263,0.144362
264,0.160941
265,0.161606
266,0.144326
267,0.1347
268,0.184585
269,0.131863
270,0.12253
271,0.171395
272,0.150504
273,0.155539
274,0.170423
275,0.235797
276,0.137727
277,0.163374
278,0.149169
279,0.11628
280,0.136865
281,0.134556
282,0.141575
283,0.133802
284,0.119133
285,0.126714
286,0.1275
287,0.137534
288,0.129854
289,0.146872
290,0.149427
291,0.148623
292,0.139437
293,0.139381
294,0.121902
295,0.142993
296,0.140625
297,0.129859
298,0.124222
299,0.144835
300,0.155753
301,0.137308
302,0.123717
303,0.17798
304,0.173483
222,0.143343
223,0.127887
224,0.140616
225,0.119604
226,0.149012
227,0.155381
228,0.143864
229,0.133451
230,0.146213
231,0.136032
232,0.150145
233,0.122437
234,0.152604
235,0.142472
236,0.138707
237,0.146874
238,0.15158
239,0.1406
240,0.147151
241,0.164341
242,0.132637
243,0.140049
244,0.152672
245,0.150644
246,0.16048
247,0.156382
248,0.127954
249,0.138753
250,0.136108
251,0.134379
252,0.138772
253,0.148541
254,0.144835
255,0.140006
256,0.135509
257,0.169886
258,0.189673
185,0.117786
186,0.129706
187,0.127887
188,0.167082
189,0.132534
190,0.135263
191,0.132914
192,0.141353
193,0.125386
194,0.122487
195,0.149702
196,0.139575
197,0.139737
198,0.210219
199,0.141339
200,0.124629
201,0.121014
202,0.141431
203,0.135477
204,0.137311
205,0.125941
206,0.128244
207,0.145431
208,0.124405
209,0.139043
210,0.14156
211,0.151694
212,0.140895
213,0.129784
214,0.138898
215,0.124222
216,0.149442
217,0.143032
218,0.136408
219,0.139107
220,0.121019
221,0.142704
139,0.14698
140,0.126978
141,0.130615
142,0.141525
143,0.133443
144,0.129197
145,0.143357
146,0.129832
147,0.157066
148,0.135325
149,0.160188
150,0.152815
151,0.158728
152,0.137339
153,0.1547
154,0.128362
155,0.153672
156,0.150073
157,0.175165
158,0.134798
159,0.136346
160,0.11662
161,0.135301
162,0.153141
163,0.139921
164,0.133184
165,0.14022
166,0.161687
167,0.13046
168,0.132383
169,0.143676
170,0.133673
171,0.124279
172,0.117389
173,0.1514
174,0.119793
175,0.122569
176,0.129784
177,0.121624
178,0.140578
179,0.134017
180,0.133116
181,0.140905
182,0.147301
183,0.123717
184,0.151798
93,0.149808
94,0.13607
95,0.128797
96,0.151626
97,0.144766
98,0.124244
99,0.131495
100,0.12383
101,0.128295
102,0.15178
103,0.137747
104,0.124364
105,0.144022
106,0.14178
107,0.121299
108,0.127039
109,0.141115
110,0.143558
111,0.150005
112,0.140161
113,0.137816
114,0.132377
115,0.140158
116,0.132948
117,0.129308
118,0.131013
119,0.140407
120,0.155095
121,0.138488
122,0.124022
123,0.126476
124,0.116352
125,0.131841
126,0.142699
127,0.128044
128,0.125237
129,0.137046
130,0.127074
131,0.131667
132,0.141481
133,0.138525
134,0.143933
135,0.131012
136,0.152697
137,0.13461
138,0.142704
47,0.145161
48,0.141525
49,0.133342
50,0.137888
51,0.148203
52,0.141228
53,0.137375
54,0.126937
55,0.13499
56,0.15524
57,0.14025
58,0.140919
59,0.128984
60,0.129673
61,0.125619
62,0.133461
63,0.130143
64,0.118368
65,0.138843
66,0.143774
67,0.115266
68,0.118873
69,0.14425
70,0.135483
71,0.125196
72,0.127082
73,0.136357
74,0.129866
75,0.130144
76,0.132473
77,0.124082
78,0.118849
79,0.136353
80,0.136308
81,0.143659
82,0.110706
83,0.135098
84,0.137914
85,0.136187
86,0.126129
87,0.144835
88,0.134919
89,0.143604
90,0.144503
91,0.122818
92,0.140006
1,0.133342
2,0.13607
3,0.11324
4,0.152536
5,0.127075
6,0.141632
7,0.145689
8,0.137255
9,0.146314
10,0.135586
11,0.147889
12,0.151857
13,0.143314
14,0.146329
15,0.129635
16,0.132704
17,0.139264
18,0.13577
19,0.132415
20,0.140994
21,0.146935
22,0.149813
23,0.110956
24,0.139741
25,0.14491
26,0.138479
27,0.120023
28,0.131909
29,0.129989
30,0.132884
31,0.144554
32,0.149079
33,0.141711
34,0.143204
35,0.138045
36,0.149619
37,0.124377
38,0.134301
39,0.142514
40,0.116998
41,0.162063
42,0.14213
43,0.13461
44,0.157194
45,0.13461
46,0.156295
