397,0.149213
398,0.146378
399,0.150124
400,0.138179
401,0.162116
402,0.132834
403,0.147937
404,0.145334
405,0.128357
406,0.125281
407,0.137594
408,0.134417
409,0.130661
410,0.160515
411,0.153671
412,0.146291
413,0.138242
414,0.12519
415,0.18611
416,0.140181
417,0.152711
418,0.143661
419,0.159988
420,0.13737
421,0.134827
422,0.136398
423,0.141637
424,0.129074
425,0.153617
426,0.134529
427,0.151185
428,0.143695
429,0.132857
430,0.135453
431,0.124574
432,0.148059
433,0.118809
434,0.133501
435,0.144451
436,0.13164
437,0.15851
438,0.130455
439,0.151777
440,0.145382
441,0.178855
442,0.176157
351,0.153768
352,0.140001
353,0.136357
354,0.129979
355,0.169108
356,0.138711
357,0.133194
358,0.136691
359,0.149122
360,0.132416
361,0.102892
362,0.131048
363,0.13544
364,0.164447
365,0.138559
366,0.118714
367,0.132217
368,0.131897
369,0.122893
370,0.156376
371,0.146242
372,0.0944934
373,0.12012
374,0.128341
375,0.127162
376,0.140034
377,0.129084
378,0.124979
379,0.139798
380,0.133078
381,0.132219
382,0.154085
383,0.145236
384,0.138428
385,0.141024
386,0.141738
387,0.128328
388,0.141638
389,0.137213
390,0.133447
391,0.135866
392,0.133161
393,0.157173
394,0.142684
395,0.183351
396,0.199638
305,0.136357
306,0.134535
307,0.154679
308,0.135446
309,0.152085
310,0.18157
311,0.149361
312,0.132557
313,0.148952
314,0.127974
315,0.144697
316,0.140508
317,0.148715
318,0.155189
319,0.128601
320,0.162126
321,0.139046
322,0.160273
323,0.131549
324,0.133088
325,0.138181
326,0.148423
327,0.137325
328,0.133426
329,0.116684
330,0.132023
331,0.13314
332,0.148173
333,0.138321
334,0.309738
335,0.13869
336,0.151018
337,0.117418
338,0.148638
339,0.146379
340,0.128655
341,0.134465
342,0.125364
343,0.13088
344,0.132544
345,0.154903
346,0.135866
347,0.143584
348,0.134591
349,0.156273
350,0.164367
259,0.141823
260,0.13089
261,0.124412
262,0.131801
263,0.144689
264,0.161306
265,0.16207
266,0.144646
267,0.1347
268,0.185193
269,0.132428
270,0.122937
271,0.171942
272,0.150819
273,0.155798
274,0.170636
275,0.236277
276,0.138069
277,0.163917
278,0.149562
279,0.116634
280,0.137343
281,0.135032
282,0.141905
283,0.134375
284,0.119541
285,0.127032
286,0.1275
287,0.1375
288,0.12999
289,0.14697
290,0.149411
291,0.148752
292,0.139549
293,0.139502
294,0.121882
295,0.142848
296,0.140734
297,0.129976
298,0.12431
299,0.144884
300,0.155805
301,0.137289
302,0.1237
303,0.177956
304,0.173459
222,0.143645
223,0.128157
224,0.140912
225,0.119856
226,0.14935
227,0.155733
228,0.144277
229,0.133756
230,0.146744
231,0.136504
232,0.150726
233,0.12291
234,0.153133
235,0.142404
236,0.139173
237,0.147353
238,0.152082
239,0.140893
240,0.147099
241,0.164495
242,0.132769
243,0.140038
244,0.152833
245,0.150757
246,0.160579
247,0.156378
248,0.128048
249,0.138847
250,0.136213
251,0.134499
252,0.13887
253,0.148591
254,0.144884
255,0.139987
256,0.13549
257,0.169862
258,0.189646
185,0.118034
186,0.129979
187,0.128157
188,0.167434
189,0.132834
190,0.13557
191,0.133296
192,0.142002
193,0.125913
194,0.122971
195,0.150403
196,0.140034
197,0.140231
198,0.211486
199,0.14179
200,0.124993
201,0.121375
202,0.141709
203,0.135639
204,0.137293
205,0.12618
206,0.128399
207,0.145604
208,0.12453
209,0.139198
210,0.141676
211,0.151839
212,0.141061
213,0.129885
214,0.139023
215,0.12431
216,0.149493
217,0.14308
218,0.136389
219,0.139087
220,0.121002
221,0.142684
139,0.147289
140,0.127246
141,0.13089
142,0.141823
143,0.133746
144,0.12949
145,0.143768
146,0.13024
147,0.157586
148,0.135773
149,0.160712
150,0.153368
151,0.159133
152,0.137704
153,0.154909
154,0.128541
155,0.153938
156,0.150381
157,0.175641
158,0.135198
159,0.136821
160,0.116961
161,0.135745
162,0.153548
163,0.14024
164,0.133474
165,0.14037
166,0.161601
167,0.130432
168,0.132567
169,0.143754
170,0.133813
171,0.124399
172,0.11747
173,0.151359
174,0.119895
175,0.122688
176,0.129885
177,0.121733
178,0.140677
179,0.134062
180,0.133161
181,0.140886
182,0.147281
183,0.1237
184,0.151777
93,0.150124
94,0.136357
95,0.129068
96,0.151946
97,0.145094
98,0.124526
99,0.131873
100,0.124025
101,0.128587
102,0.151776
103,0.138114
104,0.124714
105,0.144341
106,0.14209
107,0.121529
108,0.127277
109,0.141433
110,0.143864
111,0.150406
112,0.140509
113,0.138176
114,0.132729
115,0.140549
116,0.133294
117,0.129624
118,0.131309
119,0.140388
120,0.15524
121,0.138631
122,0.124152
123,0.126575
124,0.116467
125,0.131829
126,0.142699
127,0.128157
128,0.125328
129,0.137159
130,0.127173
131,0.131785
132,0.141581
133,0.138571
134,0.143982
135,0.130994
136,0.152676
137,0.134591
138,0.142684
47,0.145467
48,0.141823
49,0.133623
50,0.138179
51,0.148539
52,0.141548
53,0.13777
54,0.127367
55,0.135366
56,0.155626
57,0.140575
58,0.141344
59,0.129275
60,0.130025
61,0.125917
62,0.133767
63,0.130424
64,0.118612
65,0.139145
66,0.144041
67,0.115511
68,0.11914
69,0.144177
70,0.135377
71,0.125299
72,0.127309
73,0.136327
74,0.129984
75,0.130091
76,0.132634
77,0.124244
78,0.119005
79,0.136343
80,0.136289
81,0.14365
82,0.11079
83,0.135181
84,0.138021
85,0.136309
86,0.126218
87,0.144884
88,0.134964
89,0.143584
90,0.144483
91,0.1228
92,0.139987
1,0.133623
2,0.136357
3,0.113479
4,0.152857
5,0.127363
6,0.141953
7,0.146107
8,0.137413
9,0.146296
10,0.135583
11,0.1482
12,0.152225
13,0.14361
14,0.146692
15,0.129893
16,0.13304
17,0.139655
18,0.135993
19,0.13269
20,0.140993
21,0.147235
22,0.15013
23,0.110905
24,0.139667
25,0.144975
26,0.138705
27,0.119987
28,0.13189
29,0.129945
30,0.133068
31,0.144732
32,0.149241
33,0.141859
34,0.143288
35,0.137992
36,0.149706
37,0.124497
38,0.134405
39,0.142641
40,0.11708
41,0.162117
42,0.142178
43,0.134591
44,0.157173
45,0.134591
46,0.156273
