397,0.149845
398,0.146998
399,0.15076
400,0.138764
401,0.162855
402,0.133439
403,0.148792
404,0.145902
405,0.128342
406,0.125797
407,0.137974
408,0.134945
409,0.131134
410,0.161324
411,0.154287
412,0.14688
413,0.13885
414,0.125674
415,0.186703
416,0.14052
417,0.153307
418,0.144275
419,0.159983
420,0.13736
421,0.1355
422,0.13699
423,0.141547
424,0.128997
425,0.153899
426,0.134781
427,0.15156
428,0.143694
429,0.133153
430,0.135402
431,0.124496
432,0.148286
433,0.11895
434,0.133708
435,0.14471
436,0.131826
437,0.158617
438,0.130543
439,0.151735
440,0.145342
441,0.178805
442,0.176108
351,0.154419
352,0.140594
353,0.136934
354,0.13053
355,0.169878
356,0.139343
357,0.133964
358,0.13728
359,0.149757
360,0.132664
361,0.0947345
362,0.131587
363,0.136047
364,0.165232
365,0.139137
366,0.119207
367,0.132851
368,0.132525
369,0.123413
370,0.157101
371,0.14692
372,0.0950165
373,0.120615
374,0.128878
375,0.127813
376,0.140603
377,0.12932
378,0.125494
379,0.139695
380,0.133417
381,0.132363
382,0.154321
383,0.145145
384,0.138644
385,0.14093
386,0.141993
387,0.128304
388,0.141858
389,0.137459
390,0.133636
391,0.135957
392,0.13325
393,0.157129
394,0.142645
395,0.1833
396,0.199583
305,0.136934
306,0.135104
307,0.155334
308,0.136019
309,0.152778
310,0.182398
311,0.150223
312,0.133134
313,0.149811
314,0.128808
315,0.145465
316,0.141282
317,0.149419
318,0.155883
319,0.129124
320,0.162832
321,0.139655
322,0.161067
323,0.132374
324,0.133748
325,0.13891
326,0.14938
327,0.138141
328,0.133993
329,0.117488
330,0.132589
331,0.133119
332,0.148164
333,0.138605
334,0.310338
335,0.138618
336,0.150956
337,0.117563
338,0.148893
339,0.146579
340,0.128743
341,0.134384
342,0.125559
343,0.131115
344,0.132731
345,0.155007
346,0.135957
347,0.143544
348,0.134554
349,0.15623
350,0.164321
259,0.142424
260,0.131445
261,0.124938
262,0.132359
263,0.145348
264,0.162041
265,0.163006
266,0.14529
267,0.1347
268,0.186422
269,0.133572
270,0.123759
271,0.173047
272,0.151453
273,0.156318
274,0.171064
275,0.237245
276,0.138757
277,0.165014
278,0.150353
279,0.117348
280,0.13831
281,0.135995
282,0.14257
283,0.135536
284,0.120366
285,0.127672
286,0.1275
287,0.137431
288,0.130263
289,0.147166
290,0.149381
291,0.149012
292,0.139773
293,0.139744
294,0.121842
295,0.142558
296,0.140952
297,0.130209
298,0.124486
299,0.144981
300,0.15591
301,0.137251
302,0.123665
303,0.177906
304,0.173411
222,0.144254
223,0.1287
224,0.141509
225,0.120364
226,0.15003
227,0.156443
228,0.14511
229,0.134368
230,0.147818
231,0.137456
232,0.151901
233,0.123868
234,0.154201
235,0.142269
236,0.140114
237,0.148322
238,0.153095
239,0.141483
240,0.146996
241,0.164804
242,0.133035
243,0.140017
244,0.153155
245,0.150984
246,0.160779
247,0.15637
248,0.128238
249,0.139035
250,0.136425
251,0.13474
252,0.139066
253,0.148691
254,0.144981
255,0.139948
256,0.135453
257,0.169815
258,0.189594
185,0.118534
186,0.13053
187,0.1287
188,0.168143
189,0.133439
190,0.136187
191,0.134066
192,0.143317
193,0.12698
194,0.123951
195,0.151827
196,0.14096
197,0.141228
198,0.214068
199,0.1427
200,0.125727
201,0.122103
202,0.142269
203,0.135964
204,0.137256
205,0.12666
206,0.12871
207,0.145951
208,0.124783
209,0.139508
210,0.14191
211,0.152128
212,0.141393
213,0.130087
214,0.139272
215,0.124486
216,0.149593
217,0.143176
218,0.136352
219,0.139049
220,0.120968
221,0.142645
139,0.147913
140,0.127785
141,0.131445
142,0.142424
143,0.134355
144,0.13008
145,0.144599
146,0.131062
147,0.158636
148,0.136678
149,0.161772
150,0.154485
151,0.159949
152,0.13844
153,0.155328
154,0.128902
155,0.154473
156,0.151002
157,0.176602
158,0.136004
159,0.137779
160,0.117649
161,0.13664
162,0.154371
163,0.140882
164,0.134058
165,0.140671
166,0.161431
167,0.130374
168,0.132936
169,0.143911
170,0.134095
171,0.124641
172,0.117633
173,0.151276
174,0.120101
175,0.122925
176,0.130087
177,0.121951
178,0.140876
179,0.134153
180,0.13325
181,0.140847
182,0.14724
183,0.123665
184,0.151735
93,0.15076
94,0.136934
95,0.129615
96,0.15259
97,0.145755
98,0.125093
99,0.132634
100,0.124415
101,0.129176
102,0.151767
103,0.138853
104,0.12542
105,0.144983
106,0.142715
107,0.121991
108,0.127756
109,0.142072
110,0.144478
111,0.151213
112,0.141212
113,0.138903
114,0.133439
115,0.141337
116,0.133991
117,0.130262
118,0.131905
119,0.14035
120,0.15553
121,0.138918
122,0.124412
123,0.126773
124,0.116697
125,0.131804
126,0.142699
127,0.128383
128,0.12551
129,0.137387
130,0.12737
131,0.132022
132,0.141781
133,0.138664
134,0.144079
135,0.130957
136,0.152634
137,0.134554
138,0.142645
47,0.146083
48,0.142424
49,0.134189
50,0.138764
51,0.149216
52,0.142193
53,0.138565
54,0.128235
55,0.136125
56,0.156404
57,0.14123
58,0.142201
59,0.129859
60,0.130734
61,0.126516
62,0.134384
63,0.13099
64,0.119104
65,0.139754
66,0.144577
67,0.116002
68,0.119678
69,0.144033
70,0.135165
71,0.125505
72,0.127764
73,0.136268
74,0.13022
75,0.129985
76,0.132958
77,0.124572
78,0.119319
79,0.136324
80,0.136251
81,0.143633
82,0.110959
83,0.135346
84,0.138236
85,0.136553
86,0.126396
87,0.144981
88,0.135055
89,0.143544
90,0.144443
91,0.122766
92,0.139948
1,0.134189
2,0.136934
3,0.113959
4,0.153504
5,0.127943
6,0.1426
7,0.146951
8,0.137729
9,0.14626
10,0.135577
11,0.148828
12,0.152968
13,0.144206
14,0.147424
15,0.130413
16,0.133719
17,0.140446
18,0.136442
19,0.133244
20,0.14099
21,0.14784
22,0.150768
23,0.110804
24,0.139519
25,0.145103
26,0.139158
27,0.119914
28,0.131853
29,0.129858
30,0.133439
31,0.145089
32,0.149566
33,0.142156
34,0.143455
35,0.137887
36,0.149881
37,0.124738
38,0.134614
39,0.142897
40,0.117246
41,0.162226
42,0.142274
43,0.134554
44,0.157129
45,0.134554
46,0.15623
