397,0.149951
398,0.147102
399,0.150866
400,0.138862
401,0.162979
402,0.133541
403,0.148935
404,0.145998
405,0.12834
406,0.125883
407,0.138037
408,0.135034
409,0.131213
410,0.16146
411,0.154391
412,0.146978
413,0.138952
414,0.125755
415,0.186802
416,0.140577
417,0.153407
418,0.144378
419,0.159983
420,0.137358
421,0.135613
422,0.137089
423,0.141532
424,0.128984
425,0.153946
426,0.134823
427,0.151623
428,0.143693
429,0.133203
430,0.135394
431,0.124483
432,0.148324
433,0.118974
434,0.133743
435,0.144753
436,0.131857
437,0.158635
438,0.130558
439,0.151728
440,0.145335
441,0.178797
442,0.1761
351,0.154528
352,0.140693
353,0.137031
354,0.130622
355,0.170007
356,0.139449
357,0.134093
358,0.137379
359,0.149863
360,0.132705
361,0.093499
362,0.131677
363,0.136148
364,0.165363
365,0.139233
366,0.119289
367,0.132958
368,0.13263
369,0.123501
370,0.157222
371,0.147034
372,0.0951042
373,0.120698
374,0.128968
375,0.127922
376,0.140698
377,0.12936
378,0.12558
379,0.139678
380,0.133473
381,0.132388
382,0.154361
383,0.14513
384,0.13868
385,0.140914
386,0.142035
387,0.1283
388,0.141894
389,0.137501
390,0.133668
391,0.135973
392,0.133265
393,0.157122
394,0.142638
395,0.183292
396,0.199574
305,0.137031
306,0.1352
307,0.155444
308,0.136115
309,0.152894
310,0.182536
311,0.150368
312,0.133231
313,0.149955
314,0.128948
315,0.145594
316,0.141411
317,0.149537
318,0.155999
319,0.129211
320,0.162951
321,0.139757
322,0.161201
323,0.132512
324,0.133859
325,0.139032
326,0.149541
327,0.138278
328,0.134088
329,0.117623
330,0.132684
331,0.133116
332,0.148162
333,0.138653
334,0.310439
335,0.138606
336,0.150946
337,0.117587
338,0.148935
339,0.146612
340,0.128758
341,0.134371
342,0.125592
343,0.131154
344,0.132763
345,0.155025
346,0.135973
347,0.143537
348,0.134547
349,0.156223
350,0.164314
259,0.142524
260,0.131537
261,0.125027
262,0.132453
263,0.145458
264,0.162164
265,0.163163
266,0.145398
267,0.1347
268,0.186628
269,0.133765
270,0.123897
271,0.173232
272,0.151559
273,0.156405
274,0.171135
275,0.237407
276,0.138872
277,0.165198
278,0.150486
279,0.117468
280,0.138472
281,0.136157
282,0.142682
283,0.135732
284,0.120504
285,0.12778
286,0.1275
287,0.13742
288,0.130309
289,0.147199
290,0.149376
291,0.149055
292,0.13981
293,0.139784
294,0.121835
295,0.14251
296,0.140989
297,0.130248
298,0.124515
299,0.144997
300,0.155927
301,0.137244
302,0.12366
303,0.177898
304,0.173403
222,0.144355
223,0.128791
224,0.141609
225,0.120449
226,0.150144
227,0.156561
228,0.14525
229,0.134471
230,0.147998
231,0.137616
232,0.152099
233,0.124029
234,0.154381
235,0.142246
236,0.140272
237,0.148484
238,0.153266
239,0.141581
240,0.146979
241,0.164856
242,0.13308
243,0.140013
244,0.153209
245,0.151022
246,0.160812
247,0.156369
248,0.128269
249,0.139067
250,0.13646
251,0.134781
252,0.139099
253,0.148707
254,0.144997
255,0.139941
256,0.135446
257,0.169807
258,0.189585
185,0.118618
186,0.130622
187,0.128791
188,0.168262
189,0.133541
190,0.136291
191,0.134195
192,0.143539
193,0.12716
194,0.124116
195,0.152067
196,0.141115
197,0.141396
198,0.214505
199,0.142853
200,0.12585
201,0.122226
202,0.142363
203,0.136018
204,0.13725
205,0.12674
206,0.128762
207,0.146009
208,0.124825
209,0.13956
210,0.141948
211,0.152177
212,0.141449
213,0.13012
214,0.139314
215,0.124515
216,0.14961
217,0.143192
218,0.136345
219,0.139042
220,0.120963
221,0.142638
139,0.148018
140,0.127875
141,0.131537
142,0.142524
143,0.134457
144,0.130179
145,0.144738
146,0.1312
147,0.158813
148,0.13683
149,0.16195
150,0.154672
151,0.160086
152,0.138564
153,0.155398
154,0.128963
155,0.154562
156,0.151106
157,0.176763
158,0.13614
159,0.13794
160,0.117764
161,0.13679
162,0.154508
163,0.140989
164,0.134156
165,0.140721
166,0.161403
167,0.130364
168,0.132998
169,0.143937
170,0.134142
171,0.124681
172,0.11766
173,0.151263
174,0.120135
175,0.122965
176,0.13012
177,0.121988
178,0.140909
179,0.134168
180,0.133265
181,0.14084
182,0.147233
183,0.12366
184,0.151728
93,0.150866
94,0.137031
95,0.129706
96,0.152697
97,0.145866
98,0.125188
99,0.132762
100,0.12448
101,0.129274
102,0.151766
103,0.138977
104,0.125538
105,0.145091
106,0.142819
107,0.122069
108,0.127836
109,0.14218
110,0.144581
111,0.151348
112,0.141329
113,0.139025
114,0.133559
115,0.141469
116,0.134108
117,0.130368
118,0.132005
119,0.140344
120,0.155579
121,0.138966
122,0.124455
123,0.126807
124,0.116735
125,0.1318
126,0.142699
127,0.128421
128,0.12554
129,0.137425
130,0.127403
131,0.132061
132,0.141815
133,0.13868
134,0.144095
135,0.130951
136,0.152627
137,0.134547
138,0.142638
47,0.146187
48,0.142524
49,0.134284
50,0.138862
51,0.149329
52,0.142301
53,0.138699
54,0.128381
55,0.136253
56,0.156535
57,0.14134
58,0.142345
59,0.129957
60,0.130853
61,0.126617
62,0.134487
63,0.131085
64,0.119187
65,0.139856
66,0.144667
67,0.116085
68,0.119768
69,0.144009
70,0.13513
71,0.12554
72,0.12784
73,0.136258
74,0.13026
75,0.129968
76,0.133012
77,0.124626
78,0.119371
79,0.136321
80,0.136245
81,0.14363
82,0.110987
83,0.135374
84,0.138272
85,0.136594
86,0.126426
87,0.144997
88,0.13507
89,0.143537
90,0.144436
91,0.122761
92,0.139941
1,0.134284
2,0.137031
3,0.11404
4,0.153613
5,0.12804
6,0.142708
7,0.147093
8,0.137781
9,0.146254
10,0.135576
11,0.148933
12,0.153092
13,0.144306
14,0.147546
15,0.1305
16,0.133833
17,0.140579
18,0.136517
19,0.133337
20,0.14099
21,0.147941
22,0.150875
23,0.110788
24,0.139495
25,0.145125
26,0.139234
27,0.119901
28,0.131847
29,0.129843
30,0.1335
31,0.145149
32,0.14962
33,0.142206
34,0.143484
35,0.137869
36,0.14991
37,0.124778
38,0.134649
39,0.14294
40,0.117274
41,0.162245
42,0.14229
43,0.134547
44,0.157122
45,0.134547
46,0.156223
