397,0.150375
398,0.147519
399,0.151294
400,0.139255
401,0.163476
402,0.133948
403,0.149511
404,0.14638
405,0.12833
406,0.12623
407,0.138291
408,0.135389
409,0.131531
410,0.162005
411,0.154805
412,0.147374
413,0.13936
414,0.12608
415,0.187201
416,0.140805
417,0.153807
418,0.144791
419,0.15998
420,0.137351
421,0.136067
422,0.137487
423,0.141472
424,0.128933
425,0.154134
426,0.134992
427,0.151874
428,0.143692
429,0.133401
430,0.135361
431,0.124432
432,0.148476
433,0.119068
434,0.133882
435,0.144927
436,0.131982
437,0.158706
438,0.130616
439,0.1517
440,0.145308
441,0.178764
442,0.176068
351,0.154966
352,0.141092
353,0.137419
354,0.130992
355,0.170525
356,0.139874
357,0.134612
358,0.137775
359,0.15029
360,0.132871
361,0.0888635
362,0.13204
363,0.136557
364,0.165891
365,0.139622
366,0.11962
367,0.133385
368,0.133053
369,0.123851
370,0.15771
371,0.14749
372,0.0954569
373,0.121031
374,0.129329
375,0.128361
376,0.141081
377,0.129518
378,0.125927
379,0.13961
380,0.1337
381,0.132484
382,0.154518
383,0.14507
384,0.138825
385,0.140852
386,0.142206
387,0.128283
388,0.142042
389,0.137665
390,0.133794
391,0.136034
392,0.133325
393,0.157093
394,0.142612
395,0.183258
396,0.199537
305,0.137419
306,0.135583
307,0.155884
308,0.136501
309,0.153361
310,0.183093
311,0.15095
312,0.133619
313,0.150535
314,0.129512
315,0.146112
316,0.141933
317,0.150011
318,0.156466
319,0.129562
320,0.163426
321,0.140166
322,0.161735
323,0.133069
324,0.134303
325,0.139522
326,0.150187
327,0.138828
328,0.134469
329,0.118166
330,0.133064
331,0.133102
332,0.148156
333,0.138843
334,0.310841
335,0.138558
336,0.150905
337,0.117683
338,0.149106
339,0.146746
340,0.128817
341,0.134317
342,0.125722
343,0.131312
344,0.132888
345,0.155094
346,0.136034
347,0.143511
348,0.134522
349,0.156194
350,0.164283
259,0.142928
260,0.13191
261,0.125381
262,0.132828
263,0.145902
264,0.162658
265,0.163795
266,0.145832
267,0.1347
268,0.187458
269,0.134541
270,0.124453
271,0.173978
272,0.151985
273,0.156754
274,0.171422
275,0.238057
276,0.139336
277,0.165939
278,0.151019
279,0.11795
280,0.139126
281,0.136808
282,0.143129
283,0.136519
284,0.121061
285,0.128211
286,0.1275
287,0.137374
288,0.130491
289,0.14733
290,0.149356
291,0.149229
292,0.13996
293,0.139946
294,0.121808
295,0.142318
296,0.141135
297,0.130404
298,0.124633
299,0.145062
300,0.155997
301,0.137219
302,0.123637
303,0.177865
304,0.173371
222,0.144764
223,0.129156
224,0.14201
225,0.12079
226,0.150602
227,0.157039
228,0.145812
229,0.134883
230,0.148725
231,0.13826
232,0.152895
233,0.124678
234,0.155103
235,0.142156
236,0.140907
237,0.149138
238,0.153951
239,0.141978
240,0.146911
241,0.165063
242,0.133258
243,0.139999
244,0.153425
245,0.151174
246,0.160945
247,0.156364
248,0.128396
249,0.139193
250,0.136602
251,0.134942
252,0.13923
253,0.148774
254,0.145062
255,0.139915
256,0.135421
257,0.169776
258,0.18955
185,0.118954
186,0.130992
187,0.129156
188,0.168739
189,0.133948
190,0.136706
191,0.134714
192,0.144432
193,0.127884
194,0.12478
195,0.153034
196,0.141741
197,0.14207
198,0.216268
199,0.143468
200,0.126345
201,0.122717
202,0.14274
203,0.136236
204,0.137226
205,0.127063
206,0.12897
207,0.146242
208,0.124994
209,0.139768
210,0.142105
211,0.152371
212,0.141671
213,0.130255
214,0.139481
215,0.124633
216,0.149677
217,0.143257
218,0.13632
219,0.139016
220,0.12094
221,0.142612
139,0.148437
140,0.128237
141,0.13191
142,0.142928
143,0.134867
144,0.130576
145,0.145298
146,0.131755
147,0.159523
148,0.137441
149,0.162665
150,0.155428
151,0.160636
152,0.13906
153,0.155679
154,0.129204
155,0.154921
156,0.151523
157,0.17741
158,0.136683
159,0.138588
160,0.118228
161,0.137394
162,0.155062
163,0.141421
164,0.134549
165,0.140923
166,0.161289
167,0.130326
168,0.133246
169,0.144042
170,0.13433
171,0.124843
172,0.117768
173,0.151208
174,0.120272
175,0.123124
176,0.130255
177,0.122134
178,0.141042
179,0.134228
180,0.133325
181,0.140814
182,0.147206
183,0.123637
184,0.1517
93,0.151294
94,0.137419
95,0.130074
96,0.15313
97,0.146311
98,0.12557
99,0.133276
100,0.124742
101,0.12967
102,0.15176
103,0.139476
104,0.126014
105,0.145522
106,0.143239
107,0.122379
108,0.128158
109,0.14261
110,0.144995
111,0.151892
112,0.141802
113,0.139514
114,0.134037
115,0.142001
116,0.134578
117,0.130798
118,0.132406
119,0.140318
120,0.155773
121,0.139158
122,0.124629
123,0.126939
124,0.11689
125,0.131784
126,0.142698
127,0.128573
128,0.125662
129,0.137577
130,0.127535
131,0.132219
132,0.141948
133,0.138742
134,0.144159
135,0.130927
136,0.152599
137,0.134522
138,0.142612
47,0.146601
48,0.142928
49,0.134665
50,0.139255
51,0.149784
52,0.142735
53,0.139236
54,0.128968
55,0.136764
56,0.157059
57,0.14178
58,0.142924
59,0.13035
60,0.131331
61,0.12702
62,0.134902
63,0.131466
64,0.119517
65,0.140265
66,0.145027
67,0.116415
68,0.120129
69,0.143913
70,0.134988
71,0.125678
72,0.128145
73,0.136219
74,0.130418
75,0.129897
76,0.133228
77,0.124846
78,0.119581
79,0.136308
80,0.136219
81,0.143619
82,0.1111
83,0.135485
84,0.138415
85,0.136758
86,0.126545
87,0.145062
88,0.135131
89,0.143511
90,0.144409
91,0.122738
92,0.139915
1,0.134665
2,0.137419
3,0.114363
4,0.154048
5,0.12843
6,0.143143
7,0.147662
8,0.137993
9,0.14623
10,0.135572
11,0.149355
12,0.153592
13,0.144707
14,0.148039
15,0.13085
16,0.13429
17,0.141112
18,0.136819
19,0.133709
20,0.140988
21,0.148348
22,0.151304
23,0.110721
24,0.139396
25,0.145211
26,0.139538
27,0.119853
28,0.131821
29,0.129785
30,0.133749
31,0.145388
32,0.149838
33,0.142405
34,0.143596
35,0.137799
36,0.150027
37,0.124939
38,0.134788
39,0.143111
40,0.117384
41,0.162317
42,0.142354
43,0.134522
44,0.157093
45,0.134522
46,0.156194
