397,0.1474
398,0.1446
399,0.1483
400,0.1365
401,0.1600
402,0.1311
403,0.1455
404,0.1437
405,0.1284
406,0.1238
407,0.1365
408,0.1329
409,0.1293
410,0.1582
411,0.1519
412,0.1446
413,0.1365
414,0.1238
415,0.1844
416,0.1392
417,0.1510
418,0.1419
419,0.1600
420,0.1374
421,0.1329
422,0.1347
423,0.1419
424,0.1293
425,0.1528
426,0.1338
427,0.1501
428,0.1437
429,0.1320
430,0.1356
431,0.1248
432,0.1474
433,0.1184
434,0.1329
435,0.1437
436,0.1311
437,0.1582
438,0.1302
439,0.1519
440,0.1455
441,0.1790
442,0.1763
351,0.1519
352,0.1383
353,0.1347
354,0.1284
355,0.1669
356,0.1369
357,0.1310
358,0.1350
359,0.1473
360,0.1317
361,0.1374
362,0.1295
363,0.1337
364,0.1622
365,0.1369
366,0.1173
367,0.1304
368,0.1301
369,0.1214
370,0.1543
371,0.1443
372,0.0930
373,0.1187
374,0.1268
375,0.1253
376,0.1384
377,0.1284
378,0.1235
379,0.1401
380,0.1321
381,0.1318
382,0.1534
383,0.1455
384,0.1378
385,0.1413
386,0.1410
387,0.1284
388,0.1410
389,0.1365
390,0.1329
391,0.1356
392,0.1329
393,0.1573
394,0.1428
395,0.1835
396,0.1998
305,0.1347
306,0.1329
307,0.1528
308,0.1338
309,0.1501
310,0.1792
311,0.1469
312,0.1309
313,0.1465
314,0.1256
315,0.1425
316,0.1383
317,0.1467
318,0.1532
319,0.1271
320,0.1601
321,0.1373
322,0.1580
323,0.1292
324,0.1312
325,0.1361
326,0.1457
327,0.1350
328,0.1318
329,0.1144
330,0.1304
331,0.1332
332,0.1482
333,0.1375
334,0.3080
335,0.1389
336,0.1512
337,0.1170
338,0.1479
339,0.1458
340,0.1284
341,0.1347
342,0.1248
343,0.1302
344,0.1320
345,0.1546
346,0.1356
347,0.1437
348,0.1347
349,0.1564
350,0.1645
259,0.1401
260,0.1293
261,0.1229
262,0.1302
263,0.1428
264,0.1592
265,0.1594
266,0.1428
267,0.1347
268,0.1817
269,0.1292
270,0.1206
271,0.1688
272,0.1490
273,0.1543
274,0.1694
275,0.2335
276,0.1361
277,0.1608
278,0.1473
279,0.1146
280,0.1346
281,0.1323
282,0.1400
283,0.1311
284,0.1172
285,0.1252
286,0.1275
287,0.1377
288,0.1292
289,0.1464
290,0.1495
291,0.1480
292,0.1389
293,0.1388
294,0.1220
295,0.1437
296,0.1401
297,0.1293
298,0.1238
299,0.1446
300,0.1555
301,0.1374
302,0.1238
303,0.1781
304,0.1736
222,0.1419
223,0.1266
224,0.1392
225,0.1184
226,0.1474
227,0.1537
228,0.1419
229,0.1320
230,0.1437
231,0.1338
232,0.1474
233,0.1202
234,0.1501
235,0.1428
236,0.1365
237,0.1446
238,0.1492
239,0.1392
240,0.1474
241,0.1636
242,0.1320
243,0.1401
244,0.1519
245,0.1501
246,0.1600
247,0.1564
248,0.1275
249,0.1383
250,0.1356
251,0.1338
252,0.1383
253,0.1483
254,0.1446
255,0.1401
256,0.1356
257,0.1700
258,0.1898
185,0.1166
186,0.1284
187,0.1266
188,0.1654
189,0.1311
190,0.1338
191,0.1311
192,0.1383
193,0.1229
194,0.1202
195,0.1464
196,0.1374
197,0.1374
198,0.2043
199,0.1392
200,0.1229
201,0.1193
202,0.1401
203,0.1347
204,0.1374
205,0.1248
206,0.1275
207,0.1446
208,0.1238
209,0.1383
210,0.1410
211,0.1510
212,0.1401
213,0.1293
214,0.1383
215,0.1238
216,0.1492
217,0.1428
218,0.1365
219,0.1392
220,0.1211
221,0.1428
139,0.1455
140,0.1257
141,0.1293
142,0.1401
143,0.1320
144,0.1278
145,0.1414
146,0.1279
147,0.1546
148,0.1332
149,0.1577
150,0.1502
151,0.1568
152,0.1356
153,0.1537
154,0.1275
155,0.1524
156,0.1486
157,0.1729
158,0.1329
159,0.1341
160,0.1150
161,0.1332
162,0.1512
163,0.1384
164,0.1318
165,0.1395
166,0.1621
167,0.1306
168,0.1315
169,0.1433
170,0.1330
171,0.1237
172,0.1170
173,0.1516
174,0.1193
175,0.1220
176,0.1293
177,0.1211
178,0.1401
179,0.1338
180,0.1329
181,0.1410
182,0.1474
183,0.1238
184,0.1519
93,0.1483
94,0.1347
95,0.1275
96,0.1501
97,0.1432
98,0.1229
99,0.1297
100,0.1229
101,0.1269
102,0.1518
103,0.1360
104,0.1227
105,0.1425
106,0.1403
107,0.1202
108,0.1259
109,0.1396
110,0.1421
111,0.1481
112,0.1385
113,0.1361
114,0.1307
115,0.1383
116,0.1313
117,0.1278
118,0.1296
119,0.1405
120,0.1544
121,0.1378
122,0.1234
123,0.1260
124,0.1158
125,0.1319
126,0.1427
127,0.1275
128,0.1248
129,0.1365
130,0.1266
131,0.1311
132,0.1410
133,0.1383
134,0.1437
135,0.1311
136,0.1528
137,0.1347
138,0.1428
47,0.1437
48,0.1401
49,0.1320
50,0.1365
51,0.1466
52,0.1397
53,0.1355
54,0.1249
55,0.1332
56,0.1534
57,0.1387
58,0.1389
59,0.1276
60,0.1280
61,0.1242
62,0.1320
63,0.1288
64,0.1172
65,0.1374
66,0.1425
67,0.1141
68,0.1176
69,0.1446
70,0.1360
71,0.1247
72,0.1260
73,0.1365
74,0.1293
75,0.1304
76,0.1317
77,0.1233
78,0.1181
79,0.1364
80,0.1364
81,0.1437
82,0.1103
83,0.1347
84,0.1374
85,0.1356
86,0.1257
87,0.1446
88,0.1347
89,0.1437
90,0.1446
91,0.1229
92,0.1401
1,0.1320
2,0.1347
3,0.1121
4,0.1510
5,0.1257
6,0.1401
7,0.1437
8,0.1365
9,0.1464
10,0.1356
11,0.1464
12,0.1501
13,0.1419
14,0.1446
15,0.1284
16,0.1311
17,0.1374
18,0.1347
19,0.1311
20,0.1410
21,0.1455
22,0.1483
23,0.1112
24,0.1401
25,0.1446
26,0.1374
27,0.1202
28,0.1320
29,0.1302
30,0.1320
31,0.1437
32,0.1483
33,0.1410
34,0.1428
35,0.1383
36,0.1492
37,0.1238
38,0.1338
39,0.1419
40,0.1166
41,0.1618
42,0.1419
43,0.1347
44,0.1573
45,0.1347
46,0.1564
