0 0 -999.0000
1 0 0.8359
2 0 0.8317
3 0 0.8332
4 0 0.8236
5 0 0.8398
6 0 0.8401
7 0 0.8362
8 0 0.8110
9 0 0.8414
10 0 0.8378
11 0 0.8392
12 0 0.8389
13 0 0.8406
14 0 0.8388
15 0 0.8399
16 0 0.8436
17 0 0.8426
18 0 0.8415
19 0 0.8419
20 0 0.8437
21 0 0.8382
22 0 0.8428
23 0 0.8413
24 0 0.8393
25 0 0.8411
26 0 0.8403
27 0 0.8429
28 0 0.8380
29 0 0.8398
30 0 0.8374
31 0 0.8379
32 0 0.8394
33 0 0.8404
34 0 0.8397
35 0 0.8387
36 0 0.8409
37 0 0.8383
38 0 0.8361
39 0 0.8388
40 0 0.8372
41 0 -999.0000
42 0 -999.0000
43 0 -999.0000
44 0 -999.0000
45 0 -999.0000
0 1 -999.0000
1 1 0.8839
2 1 0.8847
3 1 0.8846
4 1 0.8842
5 1 0.8848
6 1 0.8858
7 1 0.8843
8 1 0.8862
9 1 0.8844
10 1 0.8854
11 1 0.8842
12 1 0.8864
13 1 0.8846
14 1 0.8834
15 1 0.8860
16 1 0.8847
17 1 0.8848
18 1 0.8858
19 1 0.8851
20 1 0.8862
21 1 0.8848
22 1 0.8865
23 1 0.8845
24 1 0.8858
25 1 0.8842
26 1 0.8830
27 1 0.8836
28 1 0.8836
29 1 0.8841
30 1 0.8830
31 1 0.8844
32 1 0.8854
33 1 0.8840
34 1 0.8819
35 1 0.8823
36 1 0.8833
37 1 0.8844
38 1 0.8838
39 1 0.8847
40 1 0.8854
41 1 -999.0000
42 1 -999.0000
43 1 -999.0000
44 1 -999.0000
45 1 -999.0000
0 2 -999.0000
1 2 0.8868
2 2 0.8882
3 2 0.8885
4 2 0.8893
5 2 0.8888
6 2 0.8875
7 2 0.8881
8 2 0.8885
9 2 0.8881
10 2 0.8886
11 2 0.8881
12 2 0.8870
13 2 0.8852
14 2 0.8865
15 2 0.8836
16 2 0.8858
17 2 0.8864
18 2 0.8858
19 2 0.8845
20 2 0.8842
21 2 0.8869
22 2 0.8870
23 2 0.8879
24 2 0.8894
25 2 0.8889
26 2 0.8880
27 2 0.8882
28 2 0.8805
29 2 0.8882
30 2 0.8870
31 2 0.8869
32 2 0.8876
33 2 0.8883
34 2 0.8872
35 2 0.8877
36 2 0.8882
37 2 0.8877
38 2 0.8860
39 2 0.8882
40 2 0.8870
41 2 -999.0000
42 2 -999.0000
43 2 -999.0000
44 2 -999.0000
45 2 -999.0000
0 3 -999.0000
1 3 0.8835
2 3 0.8832
3 3 0.8847
4 3 0.8849
5 3 0.8843
6 3 0.8864
7 3 0.8842
8 3 0.8851
9 3 0.8847
10 3 0.8859
11 3 0.8822
12 3 0.8673
13 3 0.8494
14 3 0.8420
15 3 0.8384
16 3 0.8416
17 3 0.8405
18 3 0.8379
19 3 0.8424
20 3 0.8442
21 3 0.8532
22 3 0.8719
23 3 0.8846
24 3 0.8861
25 3 0.8863
26 3 0.8826
27 3 0.8836
28 3 0.8850
29 3 0.8848
30 3 0.8834
31 3 0.8844
32 3 0.8843
33 3 0.8832
34 3 0.8821
35 3 0.8842
36 3 0.8832
37 3 0.8846
38 3 0.8831
39 3 0.8830
40 3 0.8834
41 3 -999.0000
42 3 -999.0000
43 3 -999.0000
44 3 -999.0000
45 3 -999.0000
0 4 -999.0000
1 4 0.8321
2 4 0.8187
3 4 0.8361
4 4 0.8399
5 4 0.8379
6 4 0.8389
7 4 0.8336
8 4 0.8418
9 4 0.8394
10 4 0.8408
11 4 0.8352
12 4 0.7852
22 4 0.8057
23 4 0.8386
24 4 0.8434
25 4 0.8403
26 4 0.8373
27 4 0.8415
28 4 0.8388
29 4 0.8374
30 4 0.8349
31 4 0.8406
32 4 0.8397
33 4 0.8392
34 4 0.8392
35 4 0.8381
36 4 0.8371
37 4 0.8364
38 4 0.8403
39 4 0.8346
40 4 0.8387
41 4 -999.0000
42 4 -999.0000
43 4 -999.0000
44 4 -999.0000
45 4 -999.0000
0 5 0.7732
1 5 0.8366
2 5 0.8331
3 5 0.8329
4 5 0.8355
5 5 0.8358
6 5 0.8388
7 5 0.8399
8 5 0.8363
9 5 0.8335
10 5 0.8430
11 5 0.8358
12 5 0.7859
22 5 0.8076
23 5 0.8382
24 5 0.8408
25 5 0.8419
26 5 0.8391
27 5 0.8409
28 5 0.8395
29 5 0.8407
30 5 0.8411
31 5 0.8388
32 5 0.8372
33 5 0.8331
34 5 0.8340
35 5 0.8400
36 5 0.8355
37 5 0.8395
38 5 0.8391
39 5 0.8393
40 5 0.8378
41 5 -999.0000
42 5 -999.0000
43 5 -999.0000
44 5 -999.0000
45 5 -999.0000
0 6 -999.0000
1 6 0.8845
2 6 0.8845
3 6 0.8850
4 6 0.8853
5 6 0.8858
6 6 0.8834
7 6 0.8842
8 6 0.8869
9 6 0.8862
10 6 0.8868
11 6 0.8828
12 6 0.8700
13 6 0.8521
14 6 0.8374
15 6 0.8427
16 6 0.8412
17 6 0.8379
18 6 0.8374
19 6 0.8428
20 6 0.8423
21 6 0.8525
22 6 0.8719
23 6 0.8838
24 6 0.8858
25 6 0.8831
26 6 0.8839
27 6 0.8839
28 6 0.8849
29 6 0.8837
30 6 0.8831
31 6 0.8843
32 6 0.8838
33 6 0.8841
34 6 0.8822
35 6 0.8835
36 6 0.8844
37 6 0.8838
38 6 0.8840
39 6 0.8852
40 6 0.8832
41 6 -999.0000
42 6 -999.0000
43 6 -999.0000
44 6 -999.0000
45 6 -999.0000
0 7 -999.0000
1 7 0.8869
2 7 0.8886
3 7 0.8898
4 7 0.8882
5 7 0.8883
6 7 0.8869
7 7 0.8889
8 7 0.8877
9 7 0.8861
10 7 0.8895
11 7 0.8876
12 7 0.8886
13 7 0.8862
14 7 0.8862
15 7 0.8857
16 7 0.8847
17 7 0.8842
18 7 0.8858
19 7 0.8860
20 7 0.8846
21 7 0.8862
22 7 0.8876
23 7 0.8887
24 7 0.8893
25 7 0.8885
26 7 0.8885
27 7 0.8876
28 7 0.8882
29 7 0.8881
30 7 0.8865
31 7 0.8882
32 7 0.8884
33 7 0.8881
34 7 0.8867
35 7 0.8870
36 7 0.8876
37 7 0.8872
38 7 0.8885
39 7 0.8866
40 7 0.8880
41 7 -999.0000
42 7 -999.0000
43 7 -999.0000
44 7 -999.0000
45 7 -999.0000
0 8 -999.0000
1 8 0.8834
2 8 0.8852
3 8 0.8848
4 8 0.8865
5 8 0.8850
6 8 0.8848
7 8 0.8845
8 8 0.8862
9 8 0.8858
10 8 0.8872
11 8 0.8842
12 8 0.8863
13 8 0.8869
14 8 0.8863
15 8 0.8847
16 8 0.8720
17 8 0.8858
18 8 0.8865
19 8 0.8846
20 8 0.8846
21 8 0.8861
22 8 0.8861
23 8 0.8843
24 8 0.8859
25 8 0.8860
26 8 0.8831
27 8 0.8838
28 8 0.8838
29 8 0.8825
30 8 0.8825
31 8 0.8836
32 8 0.8851
33 8 0.8838
34 8 0.8831
35 8 0.8844
36 8 0.8839
37 8 0.8829
38 8 0.8826
39 8 0.8856
40 8 0.8837
41 8 -999.0000
42 8 -999.0000
43 8 -999.0000
44 8 -999.0000
45 8 -999.0000
0 9 -999.0000
1 9 0.8355
2 9 0.8385
3 9 0.8375
4 9 0.8348
5 9 0.8403
6 9 0.8370
7 9 0.8412
8 9 0.8429
9 9 0.8392
10 9 0.8377
11 9 0.8371
12 9 0.8264
13 9 0.8397
14 9 0.8408
15 9 0.8410
16 9 0.8419
17 9 0.8394
18 9 0.8416
19 9 0.8437
20 9 0.8419
21 9 0.8428
22 9 0.8378
23 9 0.8364
24 9 0.8426
25 9 0.8265
26 9 0.8379
27 9 0.8397
28 9 0.8378
29 9 0.8381
30 9 0.8351
31 9 0.8408
32 9 0.8393
33 9 0.8262
34 9 0.8397
35 9 0.8416
36 9 0.8408
37 9 0.8396
38 9 0.8377
39 9 0.8316
40 9 0.8371
41 9 -999.0000
42 9 -999.0000
43 9 -999.0000
44 9 -999.0000
45 9 -999.0000
