0 0 -999.0000
1 0 0.8306
2 0 0.8301
3 0 0.8300
4 0 0.8323
5 0 0.8327
6 0 0.8322
7 0 0.8311
8 0 0.8045
9 0 0.8303
10 0 0.8306
11 0 0.8329
12 0 0.8330
13 0 0.8360
14 0 0.8353
15 0 0.8352
16 0 0.8366
17 0 0.8356
18 0 0.8358
19 0 0.8347
20 0 0.8341
21 0 0.7978
22 0 -999.0000
23 0 0.7996
24 0 0.8343
25 0 0.8357
26 0 0.8346
27 0 0.8343
28 0 0.8315
29 0 0.8321
30 0 0.8333
31 0 0.8349
32 0 0.8313
33 0 0.8348
34 0 0.8316
35 0 0.8345
36 0 0.8320
37 0 0.8311
38 0 0.8306
39 0 0.8330
40 0 0.8319
41 0 -999.0000
42 0 -999.0000
43 0 -999.0000
44 0 -999.0000
45 0 -999.0000
0 1 0.8388
1 1 0.8761
2 1 0.8787
3 1 0.8795
4 1 0.8798
5 1 0.8777
6 1 0.8798
7 1 0.8804
8 1 0.8796
9 1 0.8795
10 1 0.8788
11 1 0.8786
12 1 0.8795
13 1 0.8795
14 1 0.8793
15 1 0.8767
16 1 0.8787
17 1 0.8798
18 1 0.8798
19 1 0.8791
20 1 0.8797
21 1 0.8686
22 1 0.8541
23 1 0.8680
24 1 0.8790
25 1 0.8777
26 1 0.8780
27 1 0.8763
28 1 0.8664
29 1 0.8476
30 1 0.8605
31 1 0.8769
32 1 0.8783
33 1 0.8779
34 1 0.8759
35 1 0.8778
36 1 0.8771
37 1 0.8768
38 1 0.8766
39 1 0.8775
40 1 0.8789
41 1 -999.0000
42 1 -999.0000
43 1 -999.0000
44 1 -999.0000
45 1 -999.0000
0 2 0.8464
1 2 0.8792
2 2 0.8814
3 2 0.8822
4 2 0.8812
5 2 0.8817
6 2 0.8805
7 2 0.8807
8 2 0.8817
9 2 0.8812
10 2 0.8813
11 2 0.8801
12 2 0.8802
13 2 0.8798
14 2 0.8770
15 2 0.8651
16 2 0.8535
17 2 0.8705
18 2 0.8788
19 2 0.8795
20 2 0.8788
21 2 0.8790
22 2 0.8792
23 2 0.8816
24 2 0.8822
25 2 0.8806
26 2 0.8802
27 2 0.8794
28 2 0.8537
29 2 -999.0000
30 2 0.8447
31 2 0.8792
32 2 0.8800
33 2 0.8791
34 2 0.8782
35 2 0.8808
36 2 0.8809
37 2 0.8808
38 2 0.8793
39 2 0.8797
40 2 0.8812
41 2 -999.0000
42 2 -999.0000
43 2 -999.0000
44 2 -999.0000
45 2 -999.0000
0 3 0.8403
1 3 0.8781
2 3 0.8773
3 3 0.8780
4 3 0.8799
5 3 0.8785
6 3 0.8797
7 3 0.8790
8 3 0.8795
9 3 0.8776
10 3 0.8788
11 3 0.8785
12 3 0.8611
13 3 0.8414
14 3 0.8299
15 3 0.7886
16 3 -999.0000
17 3 0.8068
18 3 0.8324
19 3 0.8344
20 3 0.8356
21 3 0.8463
22 3 0.8672
23 3 0.8770
24 3 0.8787
25 3 0.8788
26 3 0.8767
27 3 0.8781
28 3 0.8657
29 3 0.8494
30 3 0.8619
31 3 0.8758
32 3 0.8774
33 3 0.8789
34 3 0.8762
35 3 0.8768
36 3 0.8777
37 3 0.8768
38 3 0.8762
39 3 0.8780
40 3 0.8768
41 3 -999.0000
42 3 -999.0000
43 3 -999.0000
44 3 -999.0000
45 3 -999.0000
0 4 0.2031
1 4 0.8305
2 4 0.8312
3 4 0.8352
4 4 0.8306
5 4 0.8341
6 4 0.8328
7 4 0.8324
8 4 0.8314
9 4 0.8328
10 4 0.8312
11 4 0.8293
12 4 0.7879
22 4 0.8033
23 4 0.8351
24 4 0.8367
25 4 0.8349
26 4 0.8350
27 4 0.8362
28 4 0.8344
29 4 0.8311
30 4 0.8323
31 4 0.8350
32 4 0.8335
33 4 0.8323
34 4 0.8328
35 4 0.8316
36 4 0.8325
37 4 0.8327
38 4 0.8343
39 4 0.8327
40 4 0.8321
41 4 -999.0000
42 4 -999.0000
43 4 -999.0000
44 4 -999.0000
45 4 -999.0000
0 5 0.7665
1 5 0.8296
2 5 0.8330
3 5 0.8328
4 5 0.8327
5 5 0.8272
6 5 0.7688
7 5 -999.0000
8 5 0.8011
9 5 0.8326
10 5 0.8362
11 5 0.8318
12 5 0.7878
22 5 -999.0000
23 5 0.7974
24 5 0.8346
25 5 0.8354
26 5 0.8341
27 5 0.8321
28 5 0.8323
29 5 0.8344
30 5 0.8323
31 5 0.8344
32 5 0.8345
33 5 0.8349
34 5 0.8301
35 5 0.8326
36 5 0.8323
37 5 0.8323
38 5 0.8314
39 5 0.8337
40 5 0.8331
41 5 -999.0000
42 5 -999.0000
43 5 -999.0000
44 5 -999.0000
45 5 -999.0000
0 6 0.8318
1 6 0.8782
2 6 0.8783
3 6 0.8781
4 6 0.8793
5 6 0.8768
6 6 0.8599
7 6 0.8532
8 6 0.8719
9 6 0.8787
10 6 0.8789
11 6 0.8763
12 6 0.8612
13 6 0.8005
14 6 -999.0000
15 6 0.7998
16 6 0.8330
17 6 0.8353
18 6 0.8350
19 6 0.8332
20 6 0.8352
21 6 0.8365
22 6 0.8442
23 6 0.8679
24 6 0.8797
25 6 0.8779
26 6 0.8774
27 6 0.8773
28 6 0.8760
29 6 0.8765
30 6 0.8754
31 6 0.8762
32 6 0.8762
33 6 0.8757
34 6 0.8759
35 6 0.8786
36 6 0.8764
37 6 0.8776
38 6 0.8752
39 6 0.8761
40 6 0.8771
41 6 -999.0000
42 6 -999.0000
43 6 -999.0000
44 6 -999.0000
45 6 -999.0000
0 7 0.8388
1 7 0.8787
2 7 0.8812
3 7 0.8801
4 7 0.8806
5 7 0.8808
6 7 0.8812
7 7 0.8795
8 7 0.8812
9 7 0.8798
10 7 0.8802
11 7 0.8802
12 7 0.8798
13 7 0.8655
14 7 0.8535
15 7 0.8687
16 7 0.8799
17 7 0.8789
18 7 0.8788
19 7 0.8793
20 7 0.8805
21 7 0.8802
22 7 0.8814
23 7 0.8811
24 7 0.8812
25 7 0.8794
26 7 0.8780
27 7 0.8807
28 7 0.8805
29 7 0.8798
30 7 0.8783
31 7 0.8803
32 7 0.8812
33 7 0.8788
34 7 0.8790
35 7 0.8807
36 7 0.8800
37 7 0.8804
38 7 0.8796
39 7 0.8798
40 7 0.8805
41 7 -999.0000
42 7 -999.0000
43 7 -999.0000
44 7 -999.0000
45 7 -999.0000
0 8 0.8423
1 8 0.8770
2 8 0.8782
3 8 0.8755
4 8 0.8615
5 8 0.8540
6 8 0.8695
7 8 0.8782
8 8 0.8804
9 8 0.8789
10 8 0.8792
11 8 0.8778
12 8 0.8768
13 8 0.8650
14 8 0.8517
15 8 0.8676
16 8 0.8779
17 8 0.8802
18 8 0.8793
19 8 0.8791
20 8 0.8791
21 8 0.8792
22 8 0.8772
23 8 0.8778
24 8 0.8681
25 8 0.8534
26 8 0.8659
27 8 0.8774
28 8 0.8769
29 8 0.8782
30 8 0.8768
31 8 0.8777
32 8 0.8784
33 8 0.8764
34 8 0.8761
35 8 0.8771
36 8 0.8788
37 8 0.8777
38 8 0.8778
39 8 0.8770
40 8 0.8764
41 8 -999.0000
42 8 -999.0000
43 8 -999.0000
44 8 -999.0000
45 8 -999.0000
0 9 -999.0000
1 9 0.8290
2 9 0.8323
3 9 0.8240
4 9 0.7631
5 9 -999.0000
6 9 0.8029
7 9 0.8298
8 9 0.8323
9 9 0.8338
10 9 0.8323
11 9 0.8319
12 9 0.8330
13 9 0.7902
14 9 -999.0000
15 9 0.7024
16 9 0.8343
17 9 0.8342
18 9 0.8355
19 9 0.8337
20 9 0.8370
21 9 0.8357
22 9 0.8368
23 9 0.8339
24 9 0.8021
25 9 -999.0000
26 9 0.7922
27 9 0.8290
28 9 0.8319
29 9 0.8343
30 9 0.8341
31 9 0.8315
32 9 0.8343
33 9 0.8321
34 9 0.8317
35 9 0.8344
36 9 0.8311
37 9 0.8330
38 9 0.8320
39 9 0.8303
40 9 0.8300
41 9 -999.0000
42 9 -999.0000
43 9 -999.0000
44 9 -999.0000
45 9 -999.0000
