# COMMENT DO NOT TOUCH
397,0.9201
398,0.9201
399,0.9201
400,0.9201
401,0.9201
402,0.9201
403,0.9201
404,0.9201
405,0.9201
406,0.9201
407,0.9201
408,0.9201
409,0.9201
410,0.9201
411,0.9201
412,0.9201
413,0.9201
414,0.9201
415,0.9201
416,0.9201
417,0.9201
418,0.9201
419,0.9201
420,0.9201
421,0.9201
422,0.9201
423,0.9201
424,0.9201
425,0.9201
426,0.9201
427,0.9201
428,0.9201
429,0.9201
430,0.9201
431,0.9201
432,0.9201
433,0.9201
434,0.9201
435,0.9201
436,0.9201
437,0.9201
438,0.9201
439,0.9201
440,0.9201
441,0.9201
442,0.9201
351,0.9201
352,0.9201
353,0.9201
354,0.9201
355,0.9201
356,0.9201
357,0.9201
358,0.9201
359,0.9871
360,0.9579
361,0.9201
362,0.9476
363,0.9315
364,0.9451
365,0.9432
366,0.9061
367,0.9178
368,0.9409
369,0.9218
370,0.9386
371,0.8933
372,0.8475
373,0.8739
374,0.8728
375,0.8736
376,0.8767
377,0.9184
378,0.8457
379,0.9201
380,0.9201
381,0.9201
382,0.9201
383,0.9201
384,0.9201
385,0.9201
386,0.9201
387,0.9201
388,0.9201
389,0.9201
390,0.9201
391,0.9201
392,0.9201
393,0.9201
394,0.9201
395,0.9201
396,0.9201
305,0.9201
306,0.9201
307,0.9201
308,0.9201
309,0.9201
310,0.9201
311,0.9201
312,0.9201
313,0.9201
314,0.9438
315,0.9478
316,0.9355
317,0.9878
318,0.9918
319,0.9445
320,0.9938
321,0.9607
322,0.9472
323,0.9495
324,0.8892
325,0.8983
326,0.9159
327,0.9054
328,0.8614
329,0.8757
330,0.8910
331,0.8816
332,0.8730
333,0.9133
334,0.9201
335,0.9201
336,0.9201
337,0.9201
338,0.9201
339,0.9201
340,0.9201
341,0.9201
342,0.9201
343,0.9201
344,0.9201
345,0.9201
346,0.9201
347,0.9201
348,0.9201
349,0.9201
350,0.9201
259,0.9201
260,0.9201
261,0.9201
262,0.9201
263,0.9201
264,0.9201
265,0.9201
266,0.9201
267,0.9201
268,1.0633
269,0.9891
270,0.8955
271,1.0582
272,0.9348
273,1.0082
274,1.0523
275,0.9201
276,0.9640
277,0.9589
278,0.9157
279,0.8654
280,0.9043
281,0.9530
282,0.8557
283,1.0366
284,0.8989
285,0.9097
286,0.9283
287,0.9787
288,0.9201
289,0.9201
290,0.9201
291,0.9201
292,0.9201
293,0.9201
294,0.9201
295,0.9201
296,0.9201
297,0.9201
298,0.9201
299,0.9201
300,0.9201
301,0.9201
302,0.9201
303,0.9201
304,0.9201
222,0.9201
223,0.9201
224,0.9201
225,0.9201
226,0.9201
227,0.9201
228,0.9201
229,0.9201
230,0.9201
231,0.9201
232,0.9201
233,0.9201
234,0.9201
235,0.9201
236,0.9201
237,0.9201
238,0.9201
239,0.9201
240,0.9201
241,0.9201
242,0.9201
243,0.9201
244,0.9201
245,0.9201
246,0.9201
247,0.9201
248,0.9201
249,0.9201
250,0.9201
251,0.9201
252,0.9201
253,0.9201
254,0.9201
255,0.9201
256,0.9201
257,0.9201
258,0.9201
185,0.9201
186,0.9201
187,0.9201
188,0.9201
189,0.9201
190,0.9201
191,0.9201
192,0.9201
193,0.9201
194,0.9201
195,0.9201
196,0.9201
197,0.9201
198,0.9201
199,0.9201
200,0.9201
201,0.9201
202,0.9201
203,0.9201
204,0.9201
205,0.9201
206,0.9201
207,0.9201
208,0.9201
209,0.9201
210,0.9201
211,0.9201
212,0.9201
213,0.9201
214,0.9201
215,0.9201
216,0.9201
217,0.9201
218,0.9201
219,0.9201
220,0.9201
221,0.9201
139,0.9201
140,0.9201
141,0.9201
142,0.9201
143,0.9201
144,0.9201
145,0.9201
146,0.9201
147,0.9977
148,0.9245
149,0.9608
150,0.9809
151,1.0212
152,0.9201
153,0.9201
154,0.9201
155,0.9178
156,0.9544
157,0.9693
158,0.9218
159,0.9048
160,0.8661
161,0.9483
162,0.9323
163,0.9087
164,0.8817
165,0.8877
166,0.9952
167,0.9217
168,0.9201
169,0.9201
170,0.9201
171,0.9201
172,0.9201
173,0.9201
174,0.9201
175,0.9201
176,0.9201
177,0.9201
178,0.9201
179,0.9201
180,0.9201
181,0.9201
182,0.9201
183,0.9201
184,0.9201
93,0.9201
94,0.9201
95,0.9201
96,0.9201
97,0.9201
98,0.9201
99,0.9201
100,0.9201
101,0.9309
102,0.9460
103,0.8857
104,0.9456
105,0.9144
106,0.8998
107,0.9201
108,0.9576
109,0.9276
110,0.9107
111,0.9212
112,0.8726
113,0.8706
114,0.8851
115,0.9035
116,0.9077
117,0.9203
118,0.8813
119,0.9012
120,0.9174
121,0.8790
122,0.9201
123,0.9201
124,0.9201
125,0.9201
126,0.9201
127,0.9201
128,0.9201
129,0.9201
130,0.9201
131,0.9201
132,0.9201
133,0.9201
134,0.9201
135,0.9201
136,0.9201
137,0.9201
138,0.9201
47,0.9201
48,0.9201
49,0.9201
50,0.9201
51,0.9201
52,0.9201
53,0.9201
54,0.9201
55,0.9201
56,0.9273
57,0.9304
58,0.9063
59,0.9067
60,0.8892
61,0.8962
62,0.8882
63,0.9044
64,0.8633
65,0.8861
66,0.8914
67,0.8465
68,0.8278
69,0.8682
70,0.8857
71,0.8640
72,0.8668
73,0.8623
74,0.8506
75,0.8679
76,0.9201
77,0.9201
78,0.9201
79,0.9201
80,0.9201
81,0.9201
82,0.9201
83,0.9201
84,0.9201
85,0.9201
86,0.9201
87,0.9201
88,0.9201
89,0.9201
90,0.9201
91,0.9201
92,0.9201
1,0.9201
2,0.9201
3,0.9201
4,0.9201
5,0.9201
6,0.9201
7,0.9201
8,0.9201
9,0.9201
10,0.9201
11,0.9201
12,0.9201
13,0.9201
14,0.9201
15,0.9201
16,0.9201
17,0.9201
18,0.9201
19,0.9201
20,0.9201
21,0.9201
22,0.9201
23,0.9201
24,0.9201
25,0.9201
26,0.9201
27,0.9201
28,0.9201
29,0.9201
30,0.9201
31,0.9201
32,0.9201
33,0.9201
34,0.9201
35,0.9201
36,0.9201
37,0.9201
38,0.9201
39,0.9201
40,0.9201
41,0.9201
42,0.9201
43,0.9201
44,0.9201
45,0.9201
46,0.9201
