# COMMENT DO NOT TOUCH
397,1.0800
398,1.0800
399,1.0800
400,1.0800
401,1.0800
402,1.0800
403,1.0800
404,1.0800
405,1.0800
406,1.0800
407,1.0800
408,1.0800
409,1.0800
410,1.0800
411,1.0800
412,1.0800
413,1.0800
414,1.0800
415,1.0800
416,1.0800
417,1.0800
418,1.0800
419,1.0800
420,1.0800
421,1.0800
422,1.0800
423,1.0800
424,1.0800
425,1.0800
426,1.0800
427,1.0800
428,1.0800
429,1.0800
430,1.0800
431,1.0800
432,1.0800
433,1.0800
434,1.0800
435,1.0800
436,1.0800
437,1.0800
438,1.0800
439,1.0800
440,1.0800
441,1.0800
442,1.0800
351,1.0800
352,1.0800
353,1.0800
354,1.0800
355,1.0800
356,1.0806
357,1.1412
358,1.1933
359,1.0941
360,1.0760
361,1.0076
362,1.0705
363,1.0849
364,1.0895
365,1.0788
366,1.0780
367,1.0948
368,1.1001
369,1.0743
370,1.0965
371,1.0971
372,1.0769
373,1.0575
374,1.0763
375,1.0753
376,1.0966
377,1.0793
378,1.0748
379,1.0735
380,1.1007
381,1.0792
382,1.0705
383,1.0653
384,1.0798
385,1.0848
386,1.1171
387,1.1179
388,1.1390
389,1.0800
390,1.0800
391,1.0800
392,1.0800
393,1.0800
394,1.0800
395,1.0800
396,1.0800
305,1.0800
306,1.0800
307,1.0800
308,1.0800
309,1.0800
310,1.0844
311,1.0692
312,1.0391
313,0.9954
314,1.0702
315,1.0712
316,1.0555
317,1.0716
318,1.0830
319,1.0589
320,1.1002
321,1.1103
322,1.0756
323,1.0853
324,1.0857
325,1.0815
326,1.0664
327,1.0672
328,1.0786
329,1.0658
330,1.0728
331,1.0640
332,1.0215
333,1.0915
334,1.0800
335,1.1294
336,1.0640
337,1.0610
338,1.0752
339,1.0475
340,1.1316
341,1.1472
342,1.1218
343,1.0800
344,1.0800
345,1.0800
346,1.0800
347,1.0800
348,1.0800
349,1.0800
350,1.0800
259,1.0800
260,1.0800
261,1.0800
262,1.0800
263,1.0800
264,1.0941
265,1.0627
266,1.1263
267,1.0765
268,1.0188
269,1.0627
270,1.0723
271,1.0838
272,1.0910
273,1.0913
274,1.0800
275,1.0800
276,1.1818
277,1.1336
278,1.1171
279,1.0917
280,1.0836
281,1.0827
282,1.0926
283,1.0681
284,1.0717
285,1.1170
286,1.0952
287,1.0328
288,1.1109
289,1.0781
290,1.0667
291,1.0698
292,1.0767
293,1.0742
294,1.1347
295,1.1543
296,1.1283
297,1.0800
298,1.0800
299,1.0800
300,1.0800
301,1.0800
302,1.0800
303,1.0800
304,1.0800
222,1.0800
223,1.0800
224,1.0800
225,1.0800
226,1.0800
227,1.0800
228,1.0800
229,1.0800
230,1.0800
231,1.0800
232,1.0800
233,1.0800
234,1.0800
235,1.0800
236,1.0800
237,1.0800
238,1.0800
239,1.0800
240,1.0800
241,1.0800
242,1.0800
243,1.0800
244,1.0800
245,1.0800
246,1.0800
247,1.0800
248,1.0800
249,1.0800
250,1.0800
251,1.0800
252,1.0800
253,1.0800
254,1.0800
255,1.0800
256,1.0800
257,1.0800
258,1.0800
185,1.0800
186,1.0800
187,1.0800
188,1.0800
189,1.0800
190,1.0800
191,1.0800
192,1.0800
193,1.0800
194,1.0800
195,1.0800
196,1.0800
197,1.0800
198,1.0800
199,1.0800
200,1.0800
201,1.0800
202,1.0800
203,1.0800
204,1.0800
205,1.0800
206,1.0800
207,1.0800
208,1.0800
209,1.0800
210,1.0800
211,1.0800
212,1.0800
213,1.0800
214,1.0800
215,1.0800
216,1.0800
217,1.0800
218,1.0800
219,1.0800
220,1.0800
221,1.0800
139,1.0800
140,1.0800
141,1.0800
142,1.0800
143,1.0800
144,1.0800
145,1.0932
146,1.0800
147,1.0791
148,1.0699
149,1.0677
150,1.0548
151,1.0620
152,1.0800
153,1.0800
154,1.0958
155,1.0889
156,1.1133
157,1.1022
158,1.0812
159,1.0605
160,1.0562
161,1.0656
162,1.0956
163,1.0818
164,1.1105
165,1.0898
166,1.0964
167,1.0862
168,1.0842
169,1.0693
170,1.0757
171,1.0705
172,1.0810
173,1.0678
174,1.0880
175,1.1321
176,1.0800
177,1.0800
178,1.0800
179,1.0800
180,1.0800
181,1.0800
182,1.0800
183,1.0800
184,1.0800
93,1.0800
94,1.0800
95,1.0800
96,1.0800
97,1.0800
98,1.0706
99,1.0653
100,1.0559
101,1.0497
102,1.0768
103,1.0646
104,1.0558
105,1.0428
106,1.0643
107,1.1270
108,1.0526
109,1.0488
110,1.0538
111,1.0507
112,1.0613
113,1.0642
114,1.0489
115,1.0493
116,1.0728
117,1.0667
118,1.0798
119,1.0742
120,1.0799
121,1.0918
122,1.0789
123,1.0727
124,1.0693
125,1.0844
126,1.0800
127,1.0810
128,1.1344
129,1.1178
130,1.0800
131,1.0800
132,1.0800
133,1.0800
134,1.0800
135,1.0800
136,1.0800
137,1.0800
138,1.0800
47,1.0800
48,1.0800
49,1.0800
50,1.0800
51,1.0800
52,1.0800
53,1.0660
54,1.0800
55,1.1025
56,1.0585
57,1.0704
58,1.0551
59,1.0691
60,1.0701
61,1.0714
62,1.0616
63,1.0723
64,1.0691
65,1.0544
66,1.0673
67,1.0534
68,1.0720
69,1.0617
70,1.0751
71,1.0879
72,1.1170
73,1.0943
74,1.0972
75,1.0810
76,1.0928
77,1.0865
78,1.0689
79,1.0708
80,1.0786
81,1.0666
82,1.0762
83,1.0800
84,1.0800
85,1.0800
86,1.0800
87,1.0800
88,1.0800
89,1.0800
90,1.0800
91,1.0800
92,1.0800
1,1.0800
2,1.0800
3,1.0800
4,1.0800
5,1.0800
6,1.0800
7,1.0800
8,1.0800
9,1.0800
10,1.0800
11,1.0800
12,1.0800
13,1.0800
14,1.0800
15,1.0800
16,1.0800
17,1.0800
18,1.0800
19,1.0800
20,1.0800
21,1.0800
22,1.0800
23,1.0800
24,1.0800
25,1.0800
26,1.0800
27,1.0800
28,1.0800
29,1.0800
30,1.0800
31,1.0800
32,1.0800
33,1.0800
34,1.0800
35,1.0800
36,1.0800
37,1.0800
38,1.0800
39,1.0800
40,1.0800
41,1.0800
42,1.0800
43,1.0800
44,1.0800
45,1.0800
46,1.0800
