# COMMENT DO NOT TOUCH
397,1.0800
398,1.0800
399,1.0800
400,1.0800
401,1.0800
402,1.0800
403,1.0800
404,1.0800
405,1.0800
406,1.0800
407,1.0800
408,1.0800
409,1.0800
410,1.0800
411,1.0800
412,1.0800
413,1.0800
414,1.0800
415,1.0800
416,1.0800
417,1.0800
418,1.0800
419,1.0800
420,1.0800
421,1.0800
422,1.0800
423,1.0800
424,1.0800
425,1.0800
426,1.0800
427,1.0800
428,1.0800
429,1.0800
430,1.0800
431,1.0800
432,1.0800
433,1.0800
434,1.0800
435,1.0800
436,1.0800
437,1.0800
438,1.0800
439,1.0800
440,1.0800
441,1.0800
442,1.0800
351,1.0800
352,1.0800
353,1.0800
354,1.0800
355,1.0800
356,1.0804
357,1.1417
358,1.1928
359,1.0927
360,1.0749
361,1.0097
362,1.0701
363,1.0846
364,1.0891
365,1.0778
366,1.0786
367,1.0932
368,1.0976
369,1.0731
370,1.0943
371,1.0964
372,1.0772
373,1.0581
374,1.0765
375,1.0760
376,1.0968
377,1.0787
378,1.0743
379,1.0729
380,1.1006
381,1.0801
382,1.0698
383,1.0670
384,1.0784
385,1.0840
386,1.1160
387,1.1211
388,1.1407
389,1.0800
390,1.0800
391,1.0800
392,1.0800
393,1.0800
394,1.0800
395,1.0800
396,1.0800
305,1.0800
306,1.0800
307,1.0800
308,1.0800
309,1.0800
310,1.0817
311,1.0689
312,1.0424
313,0.9999
314,1.0685
315,1.0699
316,1.0563
317,1.0709
318,1.0828
319,1.0602
320,1.0991
321,1.1102
322,1.0764
323,1.0854
324,1.0859
325,1.0815
326,1.0658
327,1.0671
328,1.0794
329,1.0673
330,1.0734
331,1.0636
332,1.0229
333,1.0924
334,1.0800
335,1.1317
336,1.0645
337,1.0612
338,1.0764
339,1.0490
340,1.1315
341,1.1447
342,1.1162
343,1.0800
344,1.0800
345,1.0800
346,1.0800
347,1.0800
348,1.0800
349,1.0800
350,1.0800
259,1.0800
260,1.0800
261,1.0800
262,1.0800
263,1.0800
264,1.0935
265,1.0651
266,1.1216
267,1.0758
268,1.0218
269,1.0631
270,1.0778
271,1.0835
272,1.0903
273,1.0900
274,1.0800
275,1.0800
276,1.1822
277,1.1341
278,1.1170
279,1.0918
280,1.0833
281,1.0828
282,1.0942
283,1.0395
284,1.0716
285,1.1168
286,1.0894
287,1.0346
288,1.1084
289,1.0781
290,1.0667
291,1.0684
292,1.0807
293,1.0780
294,1.1381
295,1.1538
296,1.1179
297,1.0800
298,1.0800
299,1.0800
300,1.0800
301,1.0800
302,1.0800
303,1.0800
304,1.0800
222,1.0800
223,1.0800
224,1.0800
225,1.0800
226,1.0800
227,1.0800
228,1.0800
229,1.0800
230,1.0800
231,1.0800
232,1.0800
233,1.0800
234,1.0800
235,1.0800
236,1.0800
237,1.0800
238,1.0800
239,1.0800
240,1.0800
241,1.0800
242,1.0800
243,1.0800
244,1.0800
245,1.0800
246,1.0800
247,1.0800
248,1.0800
249,1.0800
250,1.0800
251,1.0800
252,1.0800
253,1.0800
254,1.0800
255,1.0800
256,1.0800
257,1.0800
258,1.0800
185,1.0800
186,1.0800
187,1.0800
188,1.0800
189,1.0800
190,1.0800
191,1.0800
192,1.0800
193,1.0800
194,1.0800
195,1.0800
196,1.0800
197,1.0800
198,1.0800
199,1.0800
200,1.0800
201,1.0800
202,1.0800
203,1.0800
204,1.0800
205,1.0800
206,1.0800
207,1.0800
208,1.0800
209,1.0800
210,1.0800
211,1.0800
212,1.0800
213,1.0800
214,1.0800
215,1.0800
216,1.0800
217,1.0800
218,1.0800
219,1.0800
220,1.0800
221,1.0800
139,1.0800
140,1.0800
141,1.0800
142,1.0800
143,1.0800
144,1.0747
145,1.0964
146,1.0920
147,1.0798
148,1.0672
149,1.0675
150,1.0552
151,1.0609
152,1.0800
153,1.0800
154,1.0982
155,1.0888
156,1.1128
157,1.1021
158,1.0813
159,1.0607
160,1.0581
161,1.0655
162,1.0972
163,1.0582
164,1.0993
165,1.0902
166,1.0966
167,1.0859
168,1.0834
169,1.0693
170,1.0753
171,1.0724
172,1.0797
173,1.0686
174,1.0921
175,1.1404
176,1.1774
177,1.1549
178,1.0800
179,1.0800
180,1.0800
181,1.0800
182,1.0800
183,1.0800
184,1.0800
93,1.0800
94,1.0800
95,1.0800
96,1.0800
97,1.0800
98,1.0682
99,1.0674
100,1.0616
101,1.0531
102,1.0779
103,1.0647
104,1.0553
105,1.0435
106,1.0648
107,1.1264
108,1.0536
109,1.0494
110,1.0542
111,1.0512
112,1.0615
113,1.0644
114,1.0489
115,1.0501
116,1.0733
117,1.0688
118,1.0795
119,1.0761
120,1.0804
121,1.0920
122,1.0791
123,1.0729
124,1.0692
125,1.0791
126,1.0814
127,1.0785
128,1.1342
129,1.1280
130,1.1529
131,1.1372
132,1.0800
133,1.0800
134,1.0800
135,1.0800
136,1.0800
137,1.0800
138,1.0800
47,1.0800
48,1.0800
49,1.0800
50,1.0800
51,1.0800
52,1.0917
53,1.0705
54,1.0681
55,1.1070
56,1.0577
57,1.0709
58,1.0557
59,1.0697
60,1.0706
61,1.0765
62,1.0612
63,1.0725
64,1.0694
65,1.0543
66,1.0657
67,1.0541
68,1.0712
69,1.0616
70,1.0755
71,1.0888
72,1.1187
73,1.0948
74,1.0972
75,1.0818
76,1.0925
77,1.0876
78,1.0695
79,1.0711
80,1.0779
81,1.0669
82,1.0819
83,1.1490
84,1.1451
85,1.1177
86,1.0800
87,1.0800
88,1.0800
89,1.0800
90,1.0800
91,1.0800
92,1.0800
1,1.0800
2,1.0800
3,1.0800
4,1.0800
5,1.0800
6,1.0800
7,1.0800
8,1.0800
9,1.0800
10,1.0800
11,1.0800
12,1.0800
13,1.0800
14,1.0800
15,1.0800
16,1.0800
17,1.0800
18,1.0800
19,1.0800
20,1.0800
21,1.0800
22,1.0800
23,1.0800
24,1.0800
25,1.0800
26,1.0800
27,1.0800
28,1.0800
29,1.0800
30,1.0800
31,1.0800
32,1.0800
33,1.0800
34,1.0800
35,1.0800
36,1.0800
37,1.0800
38,1.0800
39,1.0800
40,1.0800
41,1.0800
42,1.0800
43,1.0800
44,1.0800
45,1.0800
46,1.0800
