397,0.1633
398,0.1603
399,0.1642
400,0.1512
401,0.1775
402,0.1455
403,0.1625
404,0.1590
405,0.1391
406,0.1371
407,0.1501
408,0.1470
409,0.1427
410,0.1760
411,0.1680
412,0.1601
413,0.1514
414,0.1370
415,0.2032
416,0.1528
417,0.1669
418,0.1573
419,0.1735
420,0.1490
421,0.1478
422,0.1493
423,0.1535
424,0.1398
425,0.1673
426,0.1465
427,0.1648
428,0.1559
429,0.1448
430,0.1468
431,0.1349
432,0.1611
433,0.1292
434,0.1453
435,0.1574
436,0.1432
437,0.1722
438,0.1417
439,0.1645
440,0.1577
441,0.1939
442,0.1910
351,0.1682
352,0.1532
353,0.1492
354,0.1422
355,0.1842
356,0.1512
357,0.1539
358,0.1647
359,0.1646
360,0.1384
361,0.1512
362,0.1370
363,0.1463
364,0.1786
365,0.1493
366,0.1274
367,0.1441
368,0.1435
369,0.1308
370,0.1695
371,0.1599
372,0.1017
373,0.1271
374,0.1379
375,0.1363
376,0.1535
377,0.1375
378,0.1330
379,0.1480
380,0.1460
381,0.1427
382,0.1655
383,0.1545
384,0.1500
385,0.1528
386,0.1596
387,0.1440
388,0.1625
389,0.1494
390,0.1452
391,0.1476
392,0.1447
393,0.1704
394,0.1548
395,0.1988
396,0.2165
305,0.1492
306,0.1473
307,0.1693
308,0.1483
309,0.1665
310,0.1988
311,0.1617
312,0.1390
313,0.1501
314,0.1383
315,0.1543
316,0.1497
317,0.1611
318,0.1695
319,0.1380
320,0.1799
321,0.1558
322,0.1743
323,0.1450
324,0.1460
325,0.1511
326,0.1604
327,0.1485
328,0.1452
329,0.1262
330,0.1429
331,0.1416
332,0.1523
333,0.1513
334,0.1512
335,0.1565
336,0.1608
337,0.1249
338,0.1604
339,0.1539
340,0.1464
341,0.1547
342,0.1417
343,0.1425
344,0.1442
345,0.1683
346,0.1476
347,0.1557
348,0.1459
349,0.1694
350,0.1783
259,0.1552
260,0.1432
261,0.1362
262,0.1443
263,0.1585
264,0.1782
265,0.1743
266,0.1653
267,0.1615
268,0.1914
269,0.1432
270,0.1333
271,0.1888
272,0.1661
273,0.1708
274,0.1852
275,0.1620
276,0.1650
277,0.1885
278,0.1689
279,0.1288
280,0.1512
281,0.1485
282,0.1565
283,0.1463
284,0.1300
285,0.1438
286,0.1394
287,0.1415
288,0.1438
289,0.1578
290,0.1589
291,0.1597
292,0.1508
293,0.1504
294,0.1389
295,0.1650
296,0.1600
297,0.1414
298,0.1353
299,0.1575
300,0.1693
301,0.1488
302,0.1342
303,0.1929
304,0.1880
222,0.1573
223,0.1402
224,0.1542
225,0.1312
226,0.1635
227,0.1706
228,0.1585
229,0.1465
230,0.1617
231,0.1503
232,0.1662
233,0.1356
234,0.1685
235,0.1542
236,0.1531
237,0.1621
238,0.1672
239,0.1542
240,0.1593
241,0.1791
242,0.1447
243,0.1518
244,0.1664
245,0.1640
246,0.1746
247,0.1696
248,0.1393
249,0.1510
250,0.1482
251,0.1465
252,0.1511
253,0.1614
254,0.1575
255,0.1517
256,0.1469
257,0.1841
258,0.2057
185,0.1292
186,0.1422
187,0.1402
188,0.1833
189,0.1455
190,0.1485
191,0.1464
192,0.1571
193,0.1391
194,0.1357
195,0.1665
196,0.1540
197,0.1544
198,0.1512
199,0.1559
200,0.1373
201,0.1334
202,0.1550
203,0.1479
204,0.1488
205,0.1379
206,0.1399
207,0.1588
208,0.1357
209,0.1517
210,0.1542
211,0.1653
212,0.1538
213,0.1413
214,0.1514
215,0.1353
216,0.1623
217,0.1555
218,0.1479
219,0.1508
220,0.1313
221,0.1548
139,0.1613
140,0.1392
141,0.1432
142,0.1552
143,0.1465
144,0.1413
145,0.1591
146,0.1425
147,0.1726
148,0.1472
149,0.1740
150,0.1641
151,0.1706
152,0.1511
153,0.1512
154,0.1422
155,0.1690
156,0.1689
157,0.1958
158,0.1480
159,0.1472
160,0.1251
161,0.1468
162,0.1705
163,0.1531
164,0.1494
165,0.1525
166,0.1743
167,0.1401
168,0.1438
169,0.1535
170,0.1438
171,0.1334
172,0.1270
173,0.1614
174,0.1316
175,0.1401
176,0.1413
177,0.1326
178,0.1530
179,0.1456
180,0.1447
181,0.1527
182,0.1596
183,0.1342
184,0.1645
93,0.1642
94,0.1492
95,0.1412
96,0.1662
97,0.1581
98,0.1346
99,0.1422
100,0.1323
101,0.1363
102,0.1634
103,0.1486
104,0.1330
105,0.1520
106,0.1527
107,0.1388
108,0.1350
109,0.1497
110,0.1530
111,0.1597
112,0.1508
113,0.1487
114,0.1408
115,0.1492
116,0.1445
117,0.1397
118,0.1430
119,0.1508
120,0.1681
121,0.1519
122,0.1348
123,0.1361
124,0.1251
125,0.1429
126,0.1541
127,0.1396
128,0.1432
129,0.1545
130,0.1383
131,0.1435
132,0.1540
133,0.1505
134,0.1565
135,0.1420
136,0.1655
137,0.1459
138,0.1548
47,0.1593
48,0.1552
49,0.1463
50,0.1512
51,0.1620
52,0.1543
53,0.1487
54,0.1395
55,0.1510
56,0.1660
57,0.1503
58,0.1502
59,0.1371
60,0.1384
61,0.1331
62,0.1413
63,0.1404
64,0.1262
65,0.1452
66,0.1521
67,0.1215
68,0.1266
69,0.1504
70,0.1437
71,0.1347
72,0.1410
73,0.1471
74,0.1419
75,0.1400
76,0.1452
77,0.1350
78,0.1275
79,0.1460
80,0.1467
81,0.1530
82,0.1202
83,0.1470
84,0.1502
85,0.1484
86,0.1373
87,0.1575
88,0.1466
89,0.1557
90,0.1567
91,0.1332
92,0.1517
1,0.1463
2,0.1492
3,0.1242
4,0.1672
5,0.1394
6,0.1554
7,0.1605
8,0.1498
9,0.1587
10,0.1471
11,0.1623
12,0.1668
13,0.1572
14,0.1609
15,0.1420
16,0.1459
17,0.1533
18,0.1486
19,0.1452
20,0.1529
21,0.1612
22,0.1643
23,0.1201
24,0.1511
25,0.1576
26,0.1515
27,0.1301
28,0.1430
29,0.1408
30,0.1452
31,0.1579
32,0.1626
33,0.1545
34,0.1559
35,0.1494
36,0.1627
37,0.1357
38,0.1463
39,0.1554
40,0.1274
41,0.1761
42,0.1545
43,0.1459
44,0.1704
45,0.1459
46,0.1694
