#COMMENT DO NOT TOUCH
397,-3.47129e-05
351,-3.47129e-05
305,-3.47129e-05
259,-3.47129e-05
222,-3.47129e-05
185,-3.47129e-05
139,-3.47129e-05
93,-3.47129e-05
47,-3.47129e-05
1,-3.47129e-05
398,-3.47129e-05
352,-3.47129e-05
306,-3.47129e-05
260,-3.47129e-05
223,-3.47129e-05
186,-3.47129e-05
140,-3.47129e-05
94,-3.47129e-05
48,-3.47129e-05
2,-3.47129e-05
399,-3.47129e-05
353,-3.47129e-05
307,-3.47129e-05
261,-3.47129e-05
224,-3.47129e-05
187,-3.47129e-05
141,-3.47129e-05
95,-3.47129e-05
49,-3.47129e-05
3,-3.47129e-05
400,-3.47129e-05
354,-3.47129e-05
308,-3.47129e-05
262,-3.47129e-05
225,-3.47129e-05
188,-3.47129e-05
142,-3.47129e-05
96,-3.47129e-05
50,-3.47129e-05
4,-3.47129e-05
401,-3.7299e-05
355,-3.7299e-05
309,-3.7299e-05
263,-3.7299e-05
226,-3.7299e-05
189,-3.7299e-05
143,-3.7299e-05
97,-3.7299e-05
51,-3.7299e-05
5,-3.7299e-05
402,-3.7299e-05
356,-3.7299e-05
310,-3.7299e-05
264,-3.7299e-05
227,-3.7299e-05
190,-3.7299e-05
144,-3.7299e-05
98,-3.7299e-05
52,-3.7299e-05
6,-3.7299e-05
403,-4.70695e-05
357,-4.70695e-05
311,-4.70695e-05
265,-4.70695e-05
228,-4.70695e-05
191,-4.70695e-05
145,-4.70695e-05
99,-4.70695e-05
53,-4.70695e-05
7,-4.70695e-05
404,-3.21172e-05
358,-3.53412e-05
312,-3.57049e-05
266,-3.64701e-05
229,-3.75007e-05
192,-7.44828e-05
146,-5.13253e-05
100,-2.59056e-05
54,-5.53356e-05
8,-1.89784e-05
405,9.59841e-07
359,-3.49026e-05
313,-4.70269e-05
267,-0
230,-5.92703e-05
193,-6.83718e-05
147,-5.41381e-05
101,-3.74826e-05
55,-4.57222e-05
9,2.03747e-06
406,-3.37765e-05
360,-1.54597e-05
314,-5.29915e-05
268,-5.38917e-05
231,-5.65914e-05
194,-6.43932e-05
148,-5.41376e-05
102,4.59699e-07
56,-4.08673e-05
10,3.60255e-07
407,-2.27233e-05
361,-3.97349e-05
315,-4.33733e-05
269,-6.96403e-05
232,-6.30512e-05
195,-7.60511e-05
149,-5.35527e-05
103,-4.37227e-05
57,-3.81124e-05
11,-3.47095e-05
408,-3.22478e-05
362,-3.37478e-05
316,-4.49008e-05
270,-5.43147e-05
233,-6.30068e-05
196,-5.3733e-05
150,-5.90116e-05
104,-4.61424e-05
58,-4.93944e-05
12,-3.98862e-05
409,-2.9755e-05
363,-3.66997e-05
317,-3.87166e-05
271,-5.22122e-05
234,-5.65888e-05
197,-5.76722e-05
151,-4.18907e-05
105,-3.64377e-05
59,-3.70117e-05
13,-3.40303e-05
410,-4.12008e-05
364,-3.90378e-05
318,-3.66156e-05
272,-3.44608e-05
152,-4.36527e-05
106,-3.60023e-05
60,-4.45006e-05
14,-4.07548e-05
411,-3.29217e-05
365,-3.42014e-05
319,-3.33436e-05
273,-2.74667e-05
153,-2.22963e-05
107,-3.12424e-05
61,-3.89536e-05
15,-3.28443e-05
412,-3.30217e-05
366,-3.40307e-05
320,-3.57007e-05
274,-2.06929e-05
154,-2.3144e-05
108,-3.09117e-05
62,-3.77462e-05
16,-4.16716e-05
413,-3.60097e-05
367,-3.92584e-05
321,-3.58777e-05
275,-3.3584e-05
155,-2.85487e-05
109,-3.70273e-05
63,-3.5574e-05
17,-4.61437e-05
414,-3.17223e-05
368,-3.89333e-05
322,-4.05199e-05
276,-4.07421e-05
156,-3.38396e-05
110,-3.50246e-05
64,-3.40155e-05
18,-2.71682e-05
415,-2.62463e-05
369,-3.47129e-05
323,-5.10083e-05
277,-5.43305e-05
157,-4.45955e-05
111,-4.37984e-05
65,-3.58387e-05
19,-3.42373e-05
416,-1.9993e-05
370,-3.79291e-05
324,-4.05328e-05
278,-4.32086e-05
158,-4.85624e-05
112,-4.08557e-05
66,-3.05672e-05
20,1.45636e-07
417,-3.20181e-05
371,-3.79426e-05
325,-4.30348e-05
279,-4.98215e-05
159,-5.68136e-05
113,-4.29326e-05
67,-3.4892e-05
21,-3.36756e-05
418,-3.5031e-05
372,-4.51544e-05
326,-5.24169e-05
280,-5.70676e-05
160,-4.79065e-05
114,-4.36789e-05
68,-3.69361e-05
22,-3.48271e-05
419,2.22541e-07
373,-3.37867e-05
327,-4.8376e-05
281,-5.78102e-05
235,7.94241e-06
198,-9.70867e-05
161,-5.3558e-05
115,-4.57218e-05
69,8.37416e-06
23,7.59566e-06
420,6.22749e-07
374,-3.43047e-05
328,-3.48198e-05
282,-3.83562e-05
236,-5.48738e-05
199,-5.21863e-05
162,-4.36995e-05
116,-4.27315e-05
70,1.31468e-05
24,8.85715e-06
421,-4.08336e-05
375,-4.18328e-05
329,-5.59177e-05
283,-6.96413e-05
237,-5.33869e-05
200,-4.7838e-05
163,-3.74816e-05
117,-4.02069e-05
71,-1.36533e-05
25,-7.38081e-06
422,-3.55666e-05
376,-3.33378e-05
330,-3.51261e-05
284,-5.59555e-05
238,-5.41379e-05
201,-4.88493e-05
164,-3.58438e-05
118,-3.71836e-05
72,-2.93678e-05
26,-2.68763e-05
423,5.31037e-06
377,-1.51383e-05
331,1.29246e-06
285,-4.12009e-05
239,-3.43254e-05
202,-3.24446e-05
165,-1.77109e-05
119,2.27541e-06
73,3.62239e-06
27,5.08139e-06
424,4.99324e-06
378,-3.38099e-05
332,5.21561e-07
286,-0
240,5.84083e-06
203,-1.97775e-05
166,8.81642e-06
120,-1.54631e-05
74,-1.50367e-05
28,2.37576e-06
425,-1.5189e-05
379,6.16327e-06
333,-1.69659e-05
287,4.15863e-06
241,-1.55447e-05
204,2.22629e-06
167,3.68762e-06
121,-1.7119e-05
75,6.78919e-06
29,5.60343e-06
426,-1.54904e-05
380,-2.09949e-05
334,-1.60321e-05
288,-1.73629e-05
242,-1.65581e-05
205,-3.12457e-05
168,-2.29884e-05
122,-1.73018e-05
76,-2.01244e-05
30,-2.29376e-05
427,-2.04955e-05
381,-9.05762e-06
335,4.32686e-06
289,-1.10741e-05
243,1.268e-06
206,-1.99957e-05
169,-9.03251e-06
123,-1.29798e-05
77,-2.17192e-05
31,-2.03706e-05
428,9.37729e-08
382,-1.26993e-05
336,3.43442e-06
290,1.69331e-06
244,-1.74355e-05
207,-1.96976e-05
170,-1.73694e-05
124,-1.63528e-05
78,-2.17299e-05
32,-1.80085e-05
429,-1.84292e-05
383,5.19902e-06
337,-1.01831e-05
291,-1.44449e-05
245,-1.24591e-05
208,-1.67579e-05
171,-1.60562e-05
125,1.54598e-06
79,1.19009e-06
33,-1.73038e-05
430,3.10399e-06
384,-1.29549e-05
338,-1.41842e-05
292,-1.32883e-05
246,-1.03056e-05
209,-1.84271e-05
172,-1.14406e-05
126,2.02542e-08
80,2.32535e-06
34,-9.72173e-06
431,5.19012e-06
385,5.58589e-06
339,-1.13078e-05
293,-1.4371e-05
247,4.04661e-07
210,-1.36364e-05
173,4.5513e-06
127,-1.46394e-05
81,9.94113e-07
35,6.37701e-06
432,-1.27147e-05
386,-1.48769e-05
340,-5.67258e-06
294,2.76725e-06
248,-1.22371e-05
211,-1.57817e-05
174,-1.41826e-05
128,-1.20325e-05
82,-1.26358e-05
36,-9.66608e-06
433,-9.84093e-06
387,1.5956e-06
341,4.99656e-06
295,1.70409e-05
249,-1.12543e-05
212,-1.9458e-05
175,-1.60122e-05
129,-1.37314e-05
83,-1.01627e-05
37,-1.59975e-05
434,-1.28638e-05
388,-1.28638e-05
342,-1.28638e-05
296,-1.28638e-05
250,-1.28638e-05
213,-1.28638e-05
176,-1.28638e-05
130,-1.28638e-05
84,-1.28638e-05
38,-1.28638e-05
435,-1.48512e-05
389,-1.48512e-05
343,-1.48512e-05
297,-1.48512e-05
251,-1.48512e-05
214,-1.48512e-05
177,-1.48512e-05
131,-1.48512e-05
85,-1.48512e-05
39,-1.48512e-05
436,-1.17216e-05
390,-1.17216e-05
344,-1.17216e-05
298,-1.17216e-05
252,-1.17216e-05
215,-1.17216e-05
178,-1.17216e-05
132,-1.17216e-05
86,-1.17216e-05
40,-1.17216e-05
437,-5.59148e-06
391,-5.59148e-06
345,-5.59148e-06
299,-5.59148e-06
253,-5.59148e-06
216,-5.59148e-06
179,-5.59148e-06
133,-5.59148e-06
87,-5.59148e-06
41,-5.59148e-06
438,-5.59148e-06
392,-5.59148e-06
346,-5.59148e-06
300,-5.59148e-06
254,-5.59148e-06
217,-5.59148e-06
180,-5.59148e-06
134,-5.59148e-06
88,-5.59148e-06
42,-5.59148e-06
439,2.31578e-06
393,2.31578e-06
347,2.31578e-06
301,2.31578e-06
255,2.31578e-06
218,2.31578e-06
181,2.31578e-06
135,2.31578e-06
89,2.31578e-06
43,2.31578e-06
440,2.31578e-06
394,2.31578e-06
348,2.31578e-06
302,2.31578e-06
256,2.31578e-06
219,2.31578e-06
182,2.31578e-06
136,2.31578e-06
90,2.31578e-06
44,2.31578e-06
441,2.31578e-06
395,2.31578e-06
349,2.31578e-06
303,2.31578e-06
257,2.31578e-06
220,2.31578e-06
183,2.31578e-06
137,2.31578e-06
91,2.31578e-06
45,2.31578e-06
442,2.31578e-06
396,2.31578e-06
350,2.31578e-06
304,2.31578e-06
258,2.31578e-06
221,2.31578e-06
184,2.31578e-06
138,2.31578e-06
92,2.31578e-06
46,2.31578e-06
